[
    {
        "part_id": 2,
        "label": "rear_wheel_0",
        "center": [
            -0.03658084462034081,
            0.07792814244566851,
            1.1641701763826857
        ],
        "extent": [
            0.1855121947899515,
            0.10255327310265079,
            0.04770166460742995
        ],
        "rotation": [
            [
                0.09973864618446034,
                -0.3034940974638049,
                -0.9475988261189023
            ],
            [
                0.34823109667182334,
                -0.8814728481992641,
                0.31896821346055226
            ],
            [
                -0.9320876062731606,
                -0.3617968362107493,
                0.017769173865491105
            ]
        ],
        "color_rgb": [
            1.0,
            0.4980392156862745,
            0.054901960784313725
        ],
        "point_count": 2081
    },
    {
        "part_id": 3,
        "label": "tires_1",
        "center": [
            0.011439524310880434,
            0.09424550700615039,
            1.1030944055309222
        ],
        "extent": [
            0.37048041226595,
            0.12427795774074533,
            0.10844517347909824
        ],
        "rotation": [
            [
                0.15555958177110038,
                -0.742704889423301,
                0.6512992121490114
            ],
            [
                0.3434213264028062,
                0.658859899514049,
                0.669302192872603
            ],
            [
                -0.9262089446182961,
                0.11955367011957348,
                0.35755266866575425
            ]
        ],
        "color_rgb": [
            0.596078431372549,
            0.8745098039215686,
            0.5411764705882353
        ],
        "point_count": 6718
    },
    {
        "part_id": 10,
        "label": "handlebars_0",
        "center": [
            0.02054185610937366,
            -0.08079206794354879,
            0.8353619988526428
        ],
        "extent": [
            0.3077539188193591,
            0.1338825552508453,
            0.07464847208943283
        ],
        "rotation": [
            [
                0.999603296872002,
                -0.02767131009597242,
                -0.005248569347642875
            ],
            [
                -0.011048572600056985,
                -0.21384458038833867,
                -0.9768052131730445
            ],
            [
                0.025907101847287978,
                0.9764757006890177,
                -0.21406547605292725
            ]
        ],
        "color_rgb": [
            0.6823529411764706,
            0.7803921568627451,
            0.9098039215686274
        ],
        "point_count": 8189
    },
    {
        "part_id": 12,
        "label": "front_wheel_0",
        "center": [
            0.030017396437827148,
            0.13593166903703474,
            0.8505391653651196
        ],
        "extent": [
            0.15755089753112816,
            0.1957094927292058,
            0.11702835432295443
        ],
        "rotation": [
            [
                -0.3489178883541514,
                -0.17976011686123627,
                -0.9197513835665129
            ],
            [
                -0.7584050914700156,
                0.6306981847303981,
                0.16444305096335993
            ],
            [
                0.5505252259604798,
                0.754921254280084,
                -0.35639286667573356
            ]
        ],
        "color_rgb": [
            0.12156862745098039,
            0.4666666666666667,
            0.7058823529411765
        ],
        "point_count": 11619
    },
    {
        "part_id": 14,
        "label": "tires_1",
        "center": [
            0.011439524310880434,
            0.09424550700615039,
            1.1030944055309222
        ],
        "extent": [
            0.37048041226595,
            0.12427795774074533,
            0.10844517347909824
        ],
        "rotation": [
            [
                0.15555958177110038,
                -0.742704889423301,
                0.6512992121490114
            ],
            [
                0.3434213264028062,
                0.658859899514049,
                0.669302192872603
            ],
            [
                -0.9262089446182961,
                0.11955367011957348,
                0.35755266866575425
            ]
        ],
        "color_rgb": [
            0.596078431372549,
            0.8745098039215686,
            0.5411764705882353
        ],
        "point_count": 6718
    },
    {
        "part_id": 16,
        "label": "seat_0",
        "center": [
            -0.005527212921615437,
            -0.07335561774339824,
            1.0679206555826668
        ],
        "extent": [
            0.2558240875307448,
            0.1404670210819906,
            0.08257487978374561
        ],
        "rotation": [
            [
                0.09419772806312655,
                -0.9931112106481155,
                0.06969154405506921
            ],
            [
                -0.3155503223866897,
                -0.0961770336703037,
                -0.9440222307954604
            ],
            [
                0.9442217864831343,
                0.06693356018781367,
                -0.32243622074944195
            ]
        ],
        "color_rgb": [
            1.0,
            0.7333333333333333,
            0.47058823529411764
        ],
        "point_count": 9169
    },
    {
        "part_id": 17,
        "label": "handlebars_0",
        "center": [
            0.02054185610937366,
            -0.08079206794354879,
            0.8353619988526428
        ],
        "extent": [
            0.3077539188193591,
            0.1338825552508453,
            0.07464847208943283
        ],
        "rotation": [
            [
                0.999603296872002,
                -0.02767131009597242,
                -0.005248569347642875
            ],
            [
                -0.011048572600056985,
                -0.21384458038833867,
                -0.9768052131730445
            ],
            [
                0.025907101847287978,
                0.9764757006890177,
                -0.21406547605292725
            ]
        ],
        "color_rgb": [
            0.6823529411764706,
            0.7803921568627451,
            0.9098039215686274
        ],
        "point_count": 8189
    },
    {
        "part_id": 19,
        "label": "seat_0",
        "center": [
            -0.005527212921615437,
            -0.07335561774339824,
            1.0679206555826668
        ],
        "extent": [
            0.2558240875307448,
            0.1404670210819906,
            0.08257487978374561
        ],
        "rotation": [
            [
                0.09419772806312655,
                -0.9931112106481155,
                0.06969154405506921
            ],
            [
                -0.3155503223866897,
                -0.0961770336703037,
                -0.9440222307954604
            ],
            [
                0.9442217864831343,
                0.06693356018781367,
                -0.32243622074944195
            ]
        ],
        "color_rgb": [
            1.0,
            0.7333333333333333,
            0.47058823529411764
        ],
        "point_count": 9169
    },
    {
        "part_id": 21,
        "label": "tires_1",
        "center": [
            0.011439524310880434,
            0.09424550700615039,
            1.1030944055309222
        ],
        "extent": [
            0.37048041226595,
            0.12427795774074533,
            0.10844517347909824
        ],
        "rotation": [
            [
                0.15555958177110038,
                -0.742704889423301,
                0.6512992121490114
            ],
            [
                0.3434213264028062,
                0.658859899514049,
                0.669302192872603
            ],
            [
                -0.9262089446182961,
                0.11955367011957348,
                0.35755266866575425
            ]
        ],
        "color_rgb": [
            0.596078431372549,
            0.8745098039215686,
            0.5411764705882353
        ],
        "point_count": 6718
    },
    {
        "part_id": 23,
        "label": "tires_1",
        "center": [
            0.011439524310880434,
            0.09424550700615039,
            1.1030944055309222
        ],
        "extent": [
            0.37048041226595,
            0.12427795774074533,
            0.10844517347909824
        ],
        "rotation": [
            [
                0.15555958177110038,
                -0.742704889423301,
                0.6512992121490114
            ],
            [
                0.3434213264028062,
                0.658859899514049,
                0.669302192872603
            ],
            [
                -0.9262089446182961,
                0.11955367011957348,
                0.35755266866575425
            ]
        ],
        "color_rgb": [
            0.596078431372549,
            0.8745098039215686,
            0.5411764705882353
        ],
        "point_count": 6718
    },
    {
        "part_id": 26,
        "label": "handlebars_0",
        "center": [
            0.02054185610937366,
            -0.08079206794354879,
            0.8353619988526428
        ],
        "extent": [
            0.3077539188193591,
            0.1338825552508453,
            0.07464847208943283
        ],
        "rotation": [
            [
                0.999603296872002,
                -0.02767131009597242,
                -0.005248569347642875
            ],
            [
                -0.011048572600056985,
                -0.21384458038833867,
                -0.9768052131730445
            ],
            [
                0.025907101847287978,
                0.9764757006890177,
                -0.21406547605292725
            ]
        ],
        "color_rgb": [
            0.6823529411764706,
            0.7803921568627451,
            0.9098039215686274
        ],
        "point_count": 8189
    },
    {
        "part_id": 27,
        "label": "front_wheel_0",
        "center": [
            0.030017396437827148,
            0.13593166903703474,
            0.8505391653651196
        ],
        "extent": [
            0.15755089753112816,
            0.1957094927292058,
            0.11702835432295443
        ],
        "rotation": [
            [
                -0.3489178883541514,
                -0.17976011686123627,
                -0.9197513835665129
            ],
            [
                -0.7584050914700156,
                0.6306981847303981,
                0.16444305096335993
            ],
            [
                0.5505252259604798,
                0.754921254280084,
                -0.35639286667573356
            ]
        ],
        "color_rgb": [
            0.12156862745098039,
            0.4666666666666667,
            0.7058823529411765
        ],
        "point_count": 11619
    },
    {
        "part_id": 29,
        "label": "seat_0",
        "center": [
            -0.005527212921615437,
            -0.07335561774339824,
            1.0679206555826668
        ],
        "extent": [
            0.2558240875307448,
            0.1404670210819906,
            0.08257487978374561
        ],
        "rotation": [
            [
                0.09419772806312655,
                -0.9931112106481155,
                0.06969154405506921
            ],
            [
                -0.3155503223866897,
                -0.0961770336703037,
                -0.9440222307954604
            ],
            [
                0.9442217864831343,
                0.06693356018781367,
                -0.32243622074944195
            ]
        ],
        "color_rgb": [
            1.0,
            0.7333333333333333,
            0.47058823529411764
        ],
        "point_count": 9169
    },
    {
        "part_id": 31,
        "label": "front_wheel_0",
        "center": [
            0.030017396437827148,
            0.13593166903703474,
            0.8505391653651196
        ],
        "extent": [
            0.15755089753112816,
            0.1957094927292058,
            0.11702835432295443
        ],
        "rotation": [
            [
                -0.3489178883541514,
                -0.17976011686123627,
                -0.9197513835665129
            ],
            [
                -0.7584050914700156,
                0.6306981847303981,
                0.16444305096335993
            ],
            [
                0.5505252259604798,
                0.754921254280084,
                -0.35639286667573356
            ]
        ],
        "color_rgb": [
            0.12156862745098039,
            0.4666666666666667,
            0.7058823529411765
        ],
        "point_count": 11619
    }
]