{
  "target": "wheel_1",
  "target_edit": {
    "target": "wheel_1",
    "change": {
      "type": "move_single_face",
      "delta_ratio_min": 0.8,
      "delta_ratio_max": 0.8,
      "ratio_sampled": 0.8,
      "expand_or_shrink": "expand",
      "face": "+u2",
      "axis": 2,
      "axis_name": "u2",
      "sign": 1,
      "delta_requested": 0.04469861080391875,
      "delta_applied": 0.04469861080391875,
      "old_extent": 0.055873263504898435,
      "new_extent": 0.0782225689068578,
      "min_extent": 0.0001,
      "before_obb": {
        "center": [
          -0.007484473027687269,
          0.0688004591861191,
          1.1804872169177314
        ],
        "axes": [
          [
            0.010997712364244405,
            -0.06559822980024867,
            0.9977855093003839
          ],
          [
            0.9104381531870305,
            -0.4119763167236518,
            -0.03711985560589349
          ],
          [
            0.4134989958199927,
            0.9088302298591785,
            0.055192334159469135
          ]
        ],
        "extents": [
          0.05203170000394791,
          0.09501198407005625,
          0.055873263504898435
        ]
      },
      "after_obb": {
        "center": [
          0.014815340045316589,
          0.06797085619670636,
          1.1817207272497083
        ],
        "axes": [
          [
            0.010997712364244405,
            -0.06559822980024867,
            0.9977855093003839
          ],
          [
            0.9104381531870305,
            -0.4119763167236518,
            -0.03711985560589349
          ],
          [
            0.4134989958199927,
            0.9088302298591785,
            0.055192334159469135
          ]
        ],
        "extents": [
          0.05203170000394791,
          0.09501198407005625,
          0.0782225689068578
        ]
      }
    }
  },
  "neighbor_changes": {
    "wheel_0": {
      "reason": "symmetry",
      "before_obb": {
        "center": [
          0.015898484545462593,
          0.16091127387667228,
          0.8600092119022104
        ],
        "axes": [
          [
            -0.0609890946040339,
            0.026540681407097887,
            -0.9977855093003843
          ],
          [
            -0.17948393559861867,
            0.9830603405599417,
            0.03711985560589337
          ],
          [
            0.9818685488401241,
            0.181350376477741,
            -0.05519233415946889
          ]
        ],
        "extents": [
          0.07859414896174322,
          0.06033598834060654,
          0.04855833565101317
        ]
      },
      "after_obb": {
        "center": [
          0.035278806012792666,
          0.16019028251354103,
          0.8610812310572017
        ],
        "axes": [
          [
            -0.0609890946040339,
            0.026540681407097887,
            -0.9977855093003843
          ],
          [
            -0.17948393559861867,
            0.9830603405599417,
            0.03711985560589337
          ],
          [
            0.9818685488401241,
            0.181350376477741,
            -0.05519233415946889
          ]
        ],
        "extents": [
          0.07859414896174322,
          0.06033598834060654,
          0.06798166991141844
        ]
      },
      "mapped_face": "-u2",
      "signed_ratio": 0.8,
      "delta_dst_applied": 0.038846668520810534
    },
    "storage_0": {
      "reason": "attachment",
      "before_obb": {
        "center": [
          -0.00639504252952983,
          -0.0007369480673240503,
          1.0584841027562324
        ],
        "axes": [
          [
            0.01554682368439031,
            -0.06467127417562858,
            0.9977855093003841
          ],
          [
            0.9369583867250634,
            -0.3474638079935293,
            -0.03711985560589331
          ],
          [
            0.34909494098152316,
            0.9354605969420282,
            0.05519233415946908
          ]
        ],
        "extents": [
          0.0986429729126996,
          0.19863998226352378,
          0.07185725035900793
        ]
      },
      "after_obb": {
        "center": [
          0.022284206729025348,
          -0.0018038803703492102,
          1.0600704905056704
        ],
        "axes": [
          [
            0.01554682368439031,
            -0.06467127417562858,
            0.9977855093003841
          ],
          [
            0.9369583867250634,
            -0.3474638079935293,
            -0.03711985560589331
          ],
          [
            0.34909494098152316,
            0.9354605969420282,
            0.05519233415946908
          ]
        ],
        "extents": [
          0.0986429729126996,
          0.19863998226352378,
          0.1006001505026111
        ]
      },
      "case": "V3(perp)->scale",
      "kind": "volume",
      "op": {
        "type": "scale",
        "debug": {
          "volume_info": {
            "method": "anchor_as_degenerate_box",
            "edited_face": "+u2",
            "closest_face": "-u0",
            "closest_face_axis": 0,
            "closest_face_sign": -1,
            "closest_face_dist": 0.02192863087762741,
            "volume_box_local_min": [
              -0.030103069126320502,
              0.0005478143602325987,
              0.004075766719942115
            ],
            "volume_box_local_max": [
              -0.030103069126320502,
              0.0005478143602325987,
              0.004075766719942115
            ],
            "debug_faces": [
              {
                "axis": 0,
                "sign": 1,
                "plane": 0.05203170000394791,
                "interval": [
                  -0.030103069126320502,
                  -0.030103069126320502
                ],
                "dist": 0.08213476913026842
              },
              {
                "axis": 0,
                "sign": -1,
                "plane": -0.05203170000394791,
                "interval": [
                  -0.030103069126320502,
                  -0.030103069126320502
                ],
                "dist": 0.02192863087762741
              },
              {
                "axis": 1,
                "sign": 1,
                "plane": 0.09501198407005625,
                "interval": [
                  0.0005478143602325987,
                  0.0005478143602325987
                ],
                "dist": 0.09446416970982364
              },
              {
                "axis": 1,
                "sign": -1,
                "plane": -0.09501198407005625,
                "interval": [
                  0.0005478143602325987,
                  0.0005478143602325987
                ],
                "dist": 0.09555979843028885
              },
              {
                "axis": 2,
                "sign": 1,
                "plane": 0.055873263504898435,
                "interval": [
                  0.004075766719942115,
                  0.004075766719942115
                ],
                "dist": 0.05179749678495632
              },
              {
                "axis": 2,
                "sign": -1,
                "plane": -0.055873263504898435,
                "interval": [
                  0.004075766719942115,
                  0.004075766719942115
                ],
                "dist": 0.05994903022484055
              }
            ],
            "anchor_world": [
              -0.005631461382907402,
              0.07425366069492068,
              1.1506554270468334
            ],
            "anchor_local": [
              -0.030103069126320502,
              0.0005478143602325987,
              0.004075766719942115
            ]
          },
          "scale_debug": {
            "status": "neighbor_scaled_anchored",
            "neighbor": "storage_0",
            "target_inferred_face": "+u2",
            "target_inferred_face_delta_plane": 0.04469861080391874,
            "target_ratio_r": 1.4,
            "neighbor_face_moved": "+u2",
            "neighbor_align_score": 1.0,
            "neighbor_scale_debug": {
              "neighbor_axis": 2,
              "neighbor_sign_move": 1,
              "r": 1.4,
              "extent_before": 0.07185725035900793,
              "extent_after": 0.1006001505026111,
              "center_shift_obj": [
                0.028679249258555178,
                -0.00106693230302516,
                0.0015863877494379786
              ],
              "anchored_fixed_face": "-u2",
              "moving_face": "+u2"
            },
            "has_object_space_for_vis": true
          }
        }
      },
      "debug": {
        "edge": {
          "a": "storage_0",
          "b": "wheel_1",
          "anchor_world": [
            -0.005631461382907402,
            0.07425366069492068,
            1.1506554270468334
          ],
          "overlap_box_local_min": null,
          "overlap_box_local_max": null
        }
      }
    },
    "unknown_0": {
      "reason": "attachment",
      "before_obb": {
        "center": [
          0.011104640350026208,
          0.1347931489248056,
          1.0317941582133787
        ],
        "axes": [
          [
            -0.0609890946040339,
            0.026540681407097887,
            -0.9977855093003843
          ],
          [
            -0.17948393559861867,
            0.9830603405599417,
            0.03711985560589337
          ],
          [
            0.9818685488401241,
            0.181350376477741,
            -0.05519233415946889
          ]
        ],
        "extents": [
          0.17286627044336222,
          0.05565420612894829,
          0.06067872522848614
        ]
      },
      "after_obb": {
        "center": [
          0.042645868764014605,
          0.15427527030104857,
          1.0342611788773326
        ],
        "axes": [
          [
            -0.0609890946040339,
            0.026540681407097887,
            -0.9977855093003843
          ],
          [
            -0.17948393559861867,
            0.9830603405599417,
            0.03711985560589337
          ],
          [
            0.9818685488401241,
            0.181350376477741,
            -0.05519233415946889
          ]
        ],
        "extents": [
          0.17286627044336222,
          0.05565420612894829,
          0.06067872522848614
        ]
      },
      "case": "V1(same)->translate",
      "kind": "volume",
      "op": {
        "type": "translate",
        "delta_world": [
          0.0315412284139884,
          0.019482121376242972,
          0.0024670206639538783
        ],
        "debug": {
          "method": "anchor_as_degenerate_box",
          "edited_face": "+u2",
          "closest_face": "+u2",
          "closest_face_axis": 2,
          "closest_face_sign": 1,
          "closest_face_dist": 0.01760965006578337,
          "volume_box_local_min": [
            -0.014305601929890848,
            -0.013117497103566482,
            0.038263613439115066
          ],
          "volume_box_local_max": [
            -0.014305601929890848,
            -0.013117497103566482,
            0.038263613439115066
          ],
          "debug_faces": [
            {
              "axis": 0,
              "sign": 1,
              "plane": 0.05203170000394791,
              "interval": [
                -0.014305601929890848,
                -0.014305601929890848
              ],
              "dist": 0.06633730193383876
            },
            {
              "axis": 0,
              "sign": -1,
              "plane": -0.05203170000394791,
              "interval": [
                -0.014305601929890848,
                -0.014305601929890848
              ],
              "dist": 0.037726098074057066
            },
            {
              "axis": 1,
              "sign": 1,
              "plane": 0.09501198407005625,
              "interval": [
                -0.013117497103566482,
                -0.013117497103566482
              ],
              "dist": 0.10812948117362273
            },
            {
              "axis": 1,
              "sign": -1,
              "plane": -0.09501198407005625,
              "interval": [
                -0.013117497103566482,
                -0.013117497103566482
              ],
              "dist": 0.08189448696648977
            },
            {
              "axis": 2,
              "sign": 1,
              "plane": 0.055873263504898435,
              "interval": [
                0.038263613439115066,
                0.038263613439115066
              ],
              "dist": 0.01760965006578337
            },
            {
              "axis": 2,
              "sign": -1,
              "plane": -0.055873263504898435,
              "interval": [
                0.038263613439115066,
                0.038263613439115066
              ],
              "dist": 0.0941368769440135
            }
          ],
          "anchor_world": [
            -0.003762506026798426,
            0.10991810808742114,
            1.1688120723477422
          ],
          "anchor_local": [
            -0.014305601929890848,
            -0.013117497103566482,
            0.038263613439115066
          ]
        }
      },
      "debug": {
        "edge": {
          "a": "unknown_0",
          "b": "wheel_1",
          "anchor_world": [
            -0.003762506026798426,
            0.10991810808742114,
            1.1688120723477422
          ],
          "overlap_box_local_min": null,
          "overlap_box_local_max": null
        }
      }
    },
    "unknown_1": {
      "reason": "attachment",
      "before_obb": {
        "center": [
          -0.007344530869141105,
          0.03368931750822937,
          1.243003473019041
        ],
        "axes": [
          [
            -0.0466057895726566,
            0.04745500825499995,
            -0.9977855093003839
          ],
          [
            0.2018462780583018,
            0.9787135415195849,
            0.03711985560589326
          ],
          [
            0.9783077125385037,
            -0.19966929117345397,
            -0.05519233415946956
          ]
        ],
        "extents": [
          0.01468882404335092,
          0.09021744959613132,
          0.03800955467955242
        ]
      },
      "after_obb": {
        "center": [
          0.007825622280546101,
          0.033124953835689655,
          1.2438426074362916
        ],
        "axes": [
          [
            -0.0466057895726566,
            0.04745500825499995,
            -0.9977855093003839
          ],
          [
            0.2018462780583018,
            0.9787135415195849,
            0.03711985560589326
          ],
          [
            0.9783077125385037,
            -0.19966929117345397,
            -0.05519233415946956
          ]
        ],
        "extents": [
          0.01468882404335092,
          0.09021744959613132,
          0.05321337655137339
        ]
      },
      "case": "V3(perp)->scale",
      "kind": "volume",
      "op": {
        "type": "scale",
        "debug": {
          "volume_info": {
            "method": "anchor_as_degenerate_box",
            "edited_face": "+u2",
            "closest_face": "+u0",
            "closest_face_axis": 0,
            "closest_face_sign": 1,
            "closest_face_dist": 0.001303143020365445,
            "volume_box_local_min": [
              0.050728556983582467,
              0.008983356026578184,
              -0.017963354392062203
            ],
            "volume_box_local_max": [
              0.050728556983582467,
              0.008983356026578184,
              -0.017963354392062203
            ],
            "debug_faces": [
              {
                "axis": 0,
                "sign": 1,
                "plane": 0.05203170000394791,
                "interval": [
                  0.050728556983582467,
                  0.050728556983582467
                ],
                "dist": 0.001303143020365445
              },
              {
                "axis": 0,
                "sign": -1,
                "plane": -0.05203170000394791,
                "interval": [
                  0.050728556983582467,
                  0.050728556983582467
                ],
                "dist": 0.10276025698753039
              },
              {
                "axis": 1,
                "sign": 1,
                "plane": 0.09501198407005625,
                "interval": [
                  0.008983356026578184,
                  0.008983356026578184
                ],
                "dist": 0.08602862804347806
              },
              {
                "axis": 1,
                "sign": -1,
                "plane": -0.09501198407005625,
                "interval": [
                  0.008983356026578184,
                  0.008983356026578184
                ],
                "dist": 0.10399534009663443
              },
              {
                "axis": 2,
                "sign": 1,
                "plane": 0.055873263504898435,
                "interval": [
                  -0.017963354392062203,
                  -0.017963354392062203
                ],
                "dist": 0.07383661789696064
              },
              {
                "axis": 2,
                "sign": -1,
                "plane": -0.055873263504898435,
                "interval": [
                  -0.017963354392062203,
                  -0.017963354392062203
                ],
                "dist": 0.03790990911283623
              }
            ],
            "anchor_world": [
              -0.006175613881745592,
              0.045446186218848376,
              1.2297785356468742
            ],
            "anchor_local": [
              0.050728556983582467,
              0.008983356026578184,
              -0.017963354392062203
            ]
          },
          "scale_debug": {
            "status": "neighbor_scaled_anchored",
            "neighbor": "unknown_1",
            "target_inferred_face": "+u2",
            "target_inferred_face_delta_plane": 0.04469861080391874,
            "target_ratio_r": 1.4,
            "neighbor_face_moved": "-u2",
            "neighbor_align_score": 1.0000000000000002,
            "neighbor_scale_debug": {
              "neighbor_axis": 2,
              "neighbor_sign_move": -1,
              "r": 1.4,
              "extent_before": 0.03800955467955242,
              "extent_after": 0.05321337655137339,
              "center_shift_obj": [
                0.015170153149687206,
                -0.0005643636725397166,
                0.0008391344172506976
              ],
              "anchored_fixed_face": "+u2",
              "moving_face": "-u2"
            },
            "has_object_space_for_vis": true
          }
        }
      },
      "debug": {
        "edge": {
          "a": "unknown_1",
          "b": "wheel_1",
          "anchor_world": [
            -0.006175613881745592,
            0.045446186218848376,
            1.2297785356468742
          ],
          "overlap_box_local_min": null,
          "overlap_box_local_max": null
        }
      }
    }
  }
}