{
  "target": "wheel_0",
  "target_edit": {
    "target": "wheel_0",
    "change": {
      "type": "move_single_face",
      "delta_ratio_min": 0.8,
      "delta_ratio_max": 0.8,
      "ratio_sampled": 0.8,
      "expand_or_shrink": "shrink",
      "face": "-u1",
      "axis": 1,
      "axis_name": "u1",
      "sign": -1,
      "delta_requested": -0.04826879067248524,
      "delta_applied": -0.04826879067248524,
      "old_extent": 0.06033598834060654,
      "new_extent": 0.03620159300436392,
      "min_extent": 0.0001,
      "before_obb": {
        "center": [
          0.015898484545462593,
          0.16091127387667228,
          0.8600092119022104
        ],
        "axes": [
          [
            -0.0609890946040339,
            0.026540681407097887,
            -0.9977855093003843
          ],
          [
            -0.17948393559861867,
            0.9830603405599417,
            0.03711985560589337
          ],
          [
            0.9818685488401241,
            0.181350376477741,
            -0.05519233415946889
          ]
        ],
        "extents": [
          0.07859414896174322,
          0.06033598834060654,
          0.04855833565101317
        ]
      },
      "after_obb": {
        "center": [
          0.016539027843034758,
          0.1846368407751272,
          0.8643859935825006
        ],
        "axes": [
          [
            -0.0609890946040339,
            0.026540681407097887,
            -0.9977855093003843
          ],
          [
            -0.17948393559861867,
            0.9830603405599417,
            0.03711985560589337
          ],
          [
            0.9818685488401241,
            0.181350376477741,
            -0.05519233415946889
          ]
        ],
        "extents": [
          0.07859414896174322,
          0.03620159300436392,
          0.04855833565101317
        ]
      }
    }
  },
  "neighbor_changes": {
    "wheel_1": {
      "reason": "symmetry",
      "before_obb": {
        "center": [
          -0.007484473027687269,
          0.0688004591861191,
          1.1804872169177314
        ],
        "axes": [
          [
            0.010997712364244405,
            -0.06559822980024867,
            0.9977855093003839
          ],
          [
            0.9104381531870305,
            -0.4119763167236518,
            -0.03711985560589349
          ],
          [
            0.4134989958199927,
            0.9088302298591785,
            0.055192334159469135
          ]
        ],
        "extents": [
          0.05203170000394791,
          0.09501198407005625,
          0.055873263504898435
        ]
      },
      "after_obb": {
        "center": [
          -0.00725558115950084,
          0.08774911712962948,
          1.1890932391987072
        ],
        "axes": [
          [
            0.010997712364244405,
            -0.06559822980024867,
            0.9977855093003839
          ],
          [
            0.9104381531870305,
            -0.4119763167236518,
            -0.03711985560589349
          ],
          [
            0.4134989958199927,
            0.9088302298591785,
            0.055192334159469135
          ]
        ],
        "extents": [
          0.031219020002368744,
          0.09501198407005625,
          0.055873263504898435
        ]
      },
      "mapped_face": "-u0",
      "signed_ratio": -0.8,
      "delta_dst_applied": -0.041625360003158335
    },
    "fender_0": {
      "reason": "attachment",
      "before_obb": {
        "center": [
          0.016097667373130963,
          0.027015173426153095,
          0.831182245547835
        ],
        "axes": [
          [
            -0.0609890946040339,
            0.026540681407097887,
            -0.9977855093003843
          ],
          [
            -0.17948393559861867,
            0.9830603405599417,
            0.03711985560589337
          ],
          [
            0.9818685488401241,
            0.181350376477741,
            -0.05519233415946889
          ]
        ],
        "extents": [
          0.08054517004204076,
          0.1220749809919732,
          0.063679921953014
        ]
      },
      "after_obb": {
        "center": [
          0.012406474412461357,
          0.07446630722306297,
          0.8364548924981422
        ],
        "axes": [
          [
            -0.0609890946040339,
            0.026540681407097887,
            -0.9977855093003843
          ],
          [
            -0.17948393559861867,
            0.9830603405599417,
            0.03711985560589337
          ],
          [
            0.9818685488401241,
            0.181350376477741,
            -0.05519233415946889
          ]
        ],
        "extents": [
          0.08054517004204076,
          0.1220749809919732,
          0.063679921953014
        ]
      },
      "case": "V1(same)->translate",
      "kind": "volume",
      "op": {
        "type": "translate",
        "delta_world": [
          -0.0036911929606696058,
          0.047451133796909864,
          0.005272646950307158
        ],
        "debug": {
          "method": "anchor_as_degenerate_box",
          "edited_face": "-u1",
          "closest_face": "-u1",
          "closest_face_axis": 1,
          "closest_face_sign": -1,
          "closest_face_dist": 0.024118488626417252,
          "volume_box_local_min": [
            0.007020722386385404,
            -0.03621749971418929,
            -0.007127100598395771
          ],
          "volume_box_local_max": [
            0.007020722386385404,
            -0.03621749971418929,
            -0.007127100598395771
          ],
          "debug_faces": [
            {
              "axis": 0,
              "sign": 1,
              "plane": 0.07859414896174322,
              "interval": [
                0.007020722386385404,
                0.007020722386385404
              ],
              "dist": 0.07157342657535781
            },
            {
              "axis": 0,
              "sign": -1,
              "plane": -0.07859414896174322,
              "interval": [
                0.007020722386385404,
                0.007020722386385404
              ],
              "dist": 0.08561487134812862
            },
            {
              "axis": 1,
              "sign": 1,
              "plane": 0.06033598834060654,
              "interval": [
                -0.03621749971418929,
                -0.03621749971418929
              ],
              "dist": 0.09655348805479583
            },
            {
              "axis": 1,
              "sign": -1,
              "plane": -0.06033598834060654,
              "interval": [
                -0.03621749971418929,
                -0.03621749971418929
              ],
              "dist": 0.024118488626417252
            },
            {
              "axis": 2,
              "sign": 1,
              "plane": 0.04855833565101317,
              "interval": [
                -0.007127100598395771,
                -0.007127100598395771
              ],
              "dist": 0.05568543624940894
            },
            {
              "axis": 2,
              "sign": -1,
              "plane": -0.04855833565101317,
              "interval": [
                -0.007127100598395771,
                -0.007127100598395771
              ],
              "dist": 0.04143123505261739
            }
          ],
          "anchor_world": [
            0.01497288050791078,
            0.1242011186528027,
            0.8520530097982718
          ],
          "anchor_local": [
            0.007020722386385404,
            -0.03621749971418929,
            -0.007127100598395771
          ]
        }
      },
      "debug": {
        "edge": {
          "a": "fender_0",
          "b": "wheel_0",
          "anchor_world": [
            0.01497288050791078,
            0.1242011186528027,
            0.8520530097982718
          ],
          "overlap_box_local_min": null,
          "overlap_box_local_max": null
        }
      }
    },
    "unknown_0": {
      "reason": "attachment",
      "before_obb": {
        "center": [
          0.011104640350026208,
          0.1347931489248056,
          1.0317941582133787
        ],
        "axes": [
          [
            -0.0609890946040339,
            0.026540681407097887,
            -0.9977855093003843
          ],
          [
            -0.17948393559861867,
            0.9830603405599417,
            0.03711985560589337
          ],
          [
            0.9818685488401241,
            0.181350376477741,
            -0.05519233415946889
          ]
        ],
        "extents": [
          0.17286627044336222,
          0.05565420612894829,
          0.06067872522848614
        ]
      },
      "after_obb": {
        "center": [
          0.011695480571559556,
          0.15667772605709243,
          1.0358313227070006
        ],
        "axes": [
          [
            -0.0609890946040339,
            0.026540681407097887,
            -0.9977855093003843
          ],
          [
            -0.17948393559861867,
            0.9830603405599417,
            0.03711985560589337
          ],
          [
            0.9818685488401241,
            0.181350376477741,
            -0.05519233415946889
          ]
        ],
        "extents": [
          0.17286627044336222,
          0.033392523677368974,
          0.06067872522848614
        ]
      },
      "case": "V3(perp)->scale",
      "kind": "volume",
      "op": {
        "type": "scale",
        "debug": {
          "volume_info": {
            "method": "anchor_as_degenerate_box",
            "edited_face": "-u1",
            "closest_face": "-u0",
            "closest_face_axis": 0,
            "closest_face_sign": -1,
            "closest_face_dist": 0.03888460413736248,
            "volume_box_local_min": [
              -0.03970954482438074,
              -0.00026445743975289106,
              -0.004844629965861731
            ],
            "volume_box_local_max": [
              -0.03970954482438074,
              -0.00026445743975289106,
              -0.004844629965861731
            ],
            "debug_faces": [
              {
                "axis": 0,
                "sign": 1,
                "plane": 0.07859414896174322,
                "interval": [
                  -0.03970954482438074,
                  -0.03970954482438074
                ],
                "dist": 0.11830369378612396
              },
              {
                "axis": 0,
                "sign": -1,
                "plane": -0.07859414896174322,
                "interval": [
                  -0.03970954482438074,
                  -0.03970954482438074
                ],
                "dist": 0.03888460413736248
              },
              {
                "axis": 1,
                "sign": 1,
                "plane": 0.06033598834060654,
                "interval": [
                  -0.00026445743975289106,
                  -0.00026445743975289106
                ],
                "dist": 0.06060044578035943
              },
              {
                "axis": 1,
                "sign": -1,
                "plane": -0.06033598834060654,
                "interval": [
                  -0.00026445743975289106,
                  -0.00026445743975289106
                ],
                "dist": 0.060071530900853654
              },
              {
                "axis": 2,
                "sign": 1,
                "plane": 0.04855833565101317,
                "interval": [
                  -0.004844629965861731,
                  -0.004844629965861731
                ],
                "dist": 0.0534029656168749
              },
              {
                "axis": 2,
                "sign": -1,
                "plane": -0.04855833565101317,
                "interval": [
                  -0.004844629965861731,
                  -0.004844629965861731
                ],
                "dist": 0.043713705685151434
              }
            ],
            "anchor_world": [
              0.013611009799277013,
              0.15871880240967606,
              0.8998883901228688
            ],
            "anchor_local": [
              -0.03970954482438074,
              -0.00026445743975289106,
              -0.004844629965861731
            ]
          },
          "scale_debug": {
            "status": "neighbor_scaled_anchored",
            "neighbor": "unknown_0",
            "target_inferred_face": "-u1",
            "target_inferred_face_delta_plane": 0.048268790672485185,
            "target_ratio_r": 0.6,
            "neighbor_face_moved": "-u1",
            "neighbor_align_score": 1.0,
            "neighbor_scale_debug": {
              "neighbor_axis": 1,
              "neighbor_sign_move": -1,
              "r": 0.6,
              "extent_before": 0.05565420612894829,
              "extent_after": 0.033392523677368974,
              "center_shift_obj": [
                0.0005908402215333477,
                0.021884577132286837,
                0.004037164493621903
              ],
              "anchored_fixed_face": "+u1",
              "moving_face": "-u1"
            },
            "has_object_space_for_vis": true
          }
        }
      },
      "debug": {
        "edge": {
          "a": "unknown_0",
          "b": "wheel_0",
          "anchor_world": [
            0.013611009799277013,
            0.15871880240967606,
            0.8998883901228688
          ],
          "overlap_box_local_min": null,
          "overlap_box_local_max": null
        }
      }
    },
    "handlebar_0": {
      "reason": "attachment",
      "before_obb": {
        "center": [
          0.01939601178856408,
          -0.0935251313263813,
          0.8389769088403497
        ],
        "axes": [
          [
            -0.06620559744319232,
            0.006395021294946212,
            -0.9977855093003842
          ],
          [
            -0.47448171825041147,
            0.8794823564835935,
            0.037119855605893315
          ],
          [
            0.8777721332517495,
            0.4758885251156014,
            -0.05519233415946889
          ]
        ],
        "extents": [
          0.054830029830114244,
          0.029589807892086657,
          0.15337745607233044
        ]
      },
      "after_obb": {
        "center": [
          0.015704818827894474,
          -0.046073997529471444,
          0.8442495557906569
        ],
        "axes": [
          [
            -0.06620559744319232,
            0.006395021294946212,
            -0.9977855093003842
          ],
          [
            -0.47448171825041147,
            0.8794823564835935,
            0.037119855605893315
          ],
          [
            0.8777721332517495,
            0.4758885251156014,
            -0.05519233415946889
          ]
        ],
        "extents": [
          0.054830029830114244,
          0.029589807892086657,
          0.15337745607233044
        ]
      },
      "case": "P1+P2(rigid)",
      "kind": "point",
      "op": {
        "type": "translate",
        "delta_world": [
          -0.0036911929606696058,
          0.04745113379690985,
          0.005272646950307158
        ],
        "reason": "preserve_point_relations"
      },
      "debug": {
        "edge": {
          "a": "fender_0",
          "b": "handlebar_0",
          "anchor_world": [
            0.011646590582607221,
            -0.08086984780208757,
            0.8390917409331089
          ]
        },
        "anchor": {
          "P0": [
            0.011646590582607221,
            -0.08086984780208757,
            0.8390917409331089
          ],
          "P1": [
            0.007955397621937615,
            -0.03341871400517772,
            0.8443643878834161
          ],
          "infoA": {
            "A_face_axis": 1,
            "A_face_sign": -1,
            "A_delta": 0.017109991388654086,
            "P0_local": [
              -0.010483854714854171,
              -0.10496498960331911,
              -0.024371905037474842
            ],
            "P1_local": [
              -0.010483854714854171,
              -0.10496498960331911,
              -0.024371905037474842
            ]
          }
        }
      }
    },
    "headlight_0": {
      "reason": "attachment",
      "before_obb": {
        "center": [
          0.01022845454915906,
          -0.07393853775233232,
          0.8180063220903462
        ],
        "axes": [
          [
            -0.0609890946040339,
            0.026540681407097887,
            -0.9977855093003843
          ],
          [
            -0.17948393559861867,
            0.9830603405599417,
            0.03711985560589337
          ],
          [
            0.9818685488401241,
            0.181350376477741,
            -0.05519233415946889
          ]
        ],
        "extents": [
          0.049883594523900225,
          0.039039921634741036,
          0.051904384612911865
        ]
      },
      "after_obb": {
        "center": [
          0.006537261588489451,
          -0.026487403955422456,
          0.8232789690406533
        ],
        "axes": [
          [
            -0.0609890946040339,
            0.026540681407097887,
            -0.9977855093003843
          ],
          [
            -0.17948393559861867,
            0.9830603405599417,
            0.03711985560589337
          ],
          [
            0.9818685488401241,
            0.181350376477741,
            -0.05519233415946889
          ]
        ],
        "extents": [
          0.049883594523900225,
          0.039039921634741036,
          0.051904384612911865
        ]
      },
      "case": "V1(same)->translate",
      "kind": "volume",
      "op": {
        "type": "translate",
        "delta_world": [
          -0.0036911929606696092,
          0.047451133796909864,
          0.005272646950307158
        ],
        "debug": {
          "method": "anchor_as_degenerate_box",
          "edited_face": "-u1",
          "closest_face": "-u1",
          "closest_face_axis": 1,
          "closest_face_sign": -1,
          "closest_face_dist": 0.03247607607049999,
          "volume_box_local_min": [
            0.009358062813295709,
            -0.08959890492147321,
            -0.021521382206569576
          ],
          "volume_box_local_max": [
            0.009358062813295709,
            -0.08959890492147321,
            -0.021521382206569576
          ],
          "debug_faces": [
            {
              "axis": 0,
              "sign": 1,
              "plane": 0.08054517004204076,
              "interval": [
                0.009358062813295709,
                0.009358062813295709
              ],
              "dist": 0.07118710722874505
            },
            {
              "axis": 0,
              "sign": -1,
              "plane": -0.08054517004204076,
              "interval": [
                0.009358062813295709,
                0.009358062813295709
              ],
              "dist": 0.08990323285533647
            },
            {
              "axis": 1,
              "sign": 1,
              "plane": 0.1220749809919732,
              "interval": [
                -0.08959890492147321,
                -0.08959890492147321
              ],
              "dist": 0.2116738859134464
            },
            {
              "axis": 1,
              "sign": -1,
              "plane": -0.1220749809919732,
              "interval": [
                -0.08959890492147321,
                -0.08959890492147321
              ],
              "dist": 0.03247607607049999
            },
            {
              "axis": 2,
              "sign": 1,
              "plane": 0.063679921953014,
              "interval": [
                -0.021521382206569576,
                -0.021521382206569576
              ],
              "dist": 0.08520130415958357
            },
            {
              "axis": 2,
              "sign": -1,
              "plane": -0.063679921953014,
              "interval": [
                -0.021521382206569576,
                -0.021521382206569576
              ],
              "dist": 0.04215853974644443
            }
          ],
          "anchor_world": [
            0.010477323359334698,
            -0.06472049796151565,
            0.8197068229827932
          ],
          "anchor_local": [
            0.009358062813295709,
            -0.08959890492147321,
            -0.021521382206569576
          ]
        }
      },
      "debug": {
        "edge": {
          "a": "fender_0",
          "b": "headlight_0",
          "anchor_world": [
            0.010477323359334698,
            -0.06472049796151565,
            0.8197068229827932
          ],
          "overlap_box_local_min": null,
          "overlap_box_local_max": null
        }
      }
    },
    "storage_0": {
      "reason": "attachment",
      "before_obb": {
        "center": [
          -0.00639504252952983,
          -0.0007369480673240503,
          1.0584841027562324
        ],
        "axes": [
          [
            0.01554682368439031,
            -0.06467127417562858,
            0.9977855093003841
          ],
          [
            0.9369583867250634,
            -0.3474638079935293,
            -0.03711985560589331
          ],
          [
            0.34909494098152316,
            0.9354605969420282,
            0.05519233415946908
          ]
        ],
        "extents": [
          0.0986429729126996,
          0.19863998226352378,
          0.07185725035900793
        ]
      },
      "after_obb": {
        "center": [
          -0.009799816687452636,
          0.04303220619724962,
          1.0633476176880012
        ],
        "axes": [
          [
            0.01554682368439031,
            -0.06467127417562858,
            0.9977855093003841
          ],
          [
            0.9369583867250634,
            -0.3474638079935293,
            -0.03711985560589331
          ],
          [
            0.34909494098152316,
            0.9354605969420282,
            0.05519233415946908
          ]
        ],
        "extents": [
          0.0986429729126996,
          0.19863998226352378,
          0.07185725035900793
        ]
      },
      "case": "P1+P2(rigid)",
      "kind": "point",
      "op": {
        "type": "translate",
        "delta_world": [
          -0.003404774157922805,
          0.04376915426457367,
          0.004863514931768842
        ],
        "reason": "preserve_point_relations"
      },
      "debug": {
        "edge": {
          "a": "storage_0",
          "b": "unknown_0",
          "anchor_world": [
            0.007957677345136504,
            0.1255319964356932,
            1.0824573795470536
          ]
        },
        "anchor": {
          "P0": [
            0.007957677345136504,
            0.1255319964356932,
            1.0824573795470536
          ],
          "P1": [
            0.004552903187213699,
            0.16930115070026688,
            1.0873208944788224
          ],
          "infoA": {
            "A_face_axis": 1,
            "A_face_sign": -1,
            "A_delta": 0.0489953751747602,
            "P0_local": [
              -0.05060489497447432,
              -0.006658830954188087,
              -0.007565638930826225
            ],
            "P1_local": [
              -0.05060489497447432,
              0.015602851497391226,
              -0.007565638930826225
            ]
          }
        }
      }
    },
    "seat_0": {
      "reason": "attachment",
      "before_obb": {
        "center": [
          -0.007095086042159664,
          -0.10362224221153012,
          1.0460684810837593
        ],
        "axes": [
          [
            0.015546823684390532,
            -0.0646712741756284,
            0.9977855093003842
          ],
          [
            0.9369583867250634,
            -0.3474638079935294,
            -0.037119855605893363
          ],
          [
            0.3490949409815231,
            0.9354605969420285,
            0.05519233415946868
          ]
        ],
        "extents": [
          0.012003701062581754,
          0.11679664413874649,
          0.05210010153515786
        ]
      },
      "after_obb": {
        "center": [
          -0.007095086042159664,
          -0.10362224221153012,
          1.0460684810837593
        ],
        "axes": [
          [
            0.015546823684390532,
            -0.0646712741756284,
            0.9977855093003842
          ],
          [
            0.9369583867250634,
            -0.3474638079935294,
            -0.037119855605893363
          ],
          [
            0.3490949409815231,
            0.9354605969420285,
            0.05519233415946868
          ]
        ],
        "extents": [
          0.012003701062581754,
          0.11679664413874649,
          0.05210010153515786
        ]
      },
      "case": "V3(perp)->scale",
      "kind": "volume",
      "op": {
        "type": "scale",
        "debug": {
          "volume_info": {
            "method": "anchor_as_degenerate_box",
            "edited_face": "+u0",
            "closest_face": "-u2",
            "closest_face_axis": 2,
            "closest_face_sign": -1,
            "closest_face_dist": 0.015191945761841325,
            "volume_box_local_min": [
              -0.0044750125988749605,
              0.03206566557101375,
              -0.08704919612084926
            ],
            "volume_box_local_max": [
              -0.0044750125988749605,
              0.03206566557101375,
              -0.08704919612084926
            ],
            "debug_faces": [
              {
                "axis": 0,
                "sign": 1,
                "plane": 0.0986429729126996,
                "interval": [
                  -0.0044750125988749605,
                  -0.0044750125988749605
                ],
                "dist": 0.10311798551157457
              },
              {
                "axis": 0,
                "sign": -1,
                "plane": -0.0986429729126996,
                "interval": [
                  -0.0044750125988749605,
                  -0.0044750125988749605
                ],
                "dist": 0.09416796031382464
              },
              {
                "axis": 1,
                "sign": 1,
                "plane": 0.19863998226352378,
                "interval": [
                  0.03206566557101375,
                  0.03206566557101375
                ],
                "dist": 0.16657431669251002
              },
              {
                "axis": 1,
                "sign": -1,
                "plane": -0.19863998226352378,
                "interval": [
                  0.03206566557101375,
                  0.03206566557101375
                ],
                "dist": 0.23070564783453754
              },
              {
                "axis": 2,
                "sign": 1,
                "plane": 0.07185725035900793,
                "interval": [
                  -0.08704919612084926,
                  -0.08704919612084926
                ],
                "dist": 0.1589064464798572
              },
              {
                "axis": 2,
                "sign": -1,
                "plane": -0.07185725035900793,
                "interval": [
                  -0.08704919612084926,
                  -0.08704919612084926
                ],
                "dist": 0.015191945761841325
              }
            ],
            "anchor_world": [
              -0.006808854461004412,
              -0.09302029453228765,
              1.0480242788346203
            ],
            "anchor_local": [
              -0.0044750125988749605,
              0.03206566557101375,
              -0.08704919612084926
            ]
          },
          "scale_debug": {
            "status": "neighbor_scaled_anchored",
            "neighbor": "seat_0",
            "target_inferred_face": "+u0",
            "target_inferred_face_delta_plane": 0.042654771202605635,
            "target_ratio_r": 1.0,
            "neighbor_face_moved": "+u0",
            "neighbor_align_score": 1.0,
            "neighbor_scale_debug": {
              "neighbor_axis": 0,
              "neighbor_sign_move": 1,
              "r": 1.0,
              "extent_before": 0.012003701062581754,
              "extent_after": 0.012003701062581754,
              "center_shift_obj": [
                0.0,
                0.0,
                0.0
              ],
              "anchored_fixed_face": "-u0",
              "moving_face": "+u0"
            },
            "has_object_space_for_vis": true
          }
        }
      },
      "debug": {
        "edge": {
          "a": "seat_0",
          "b": "storage_0",
          "anchor_world": [
            -0.006808854461004412,
            -0.09302029453228765,
            1.0480242788346203
          ],
          "overlap_box_local_min": null,
          "overlap_box_local_max": null
        }
      }
    }
  }
}