{
  "target": "wheel_0",
  "target_edit": {
    "target": "wheel_0",
    "change": {
      "type": "move_single_face",
      "delta_ratio_min": 0.8,
      "delta_ratio_max": 0.8,
      "ratio_sampled": 0.8,
      "expand_or_shrink": "shrink",
      "face": "-u1",
      "axis": 1,
      "axis_name": "u1",
      "sign": -1,
      "delta_requested": -0.04826879067248524,
      "delta_applied": -0.04826879067248524,
      "old_extent": 0.06033598834060654,
      "new_extent": 0.03620159300436392,
      "min_extent": 0.0001,
      "before_obb": {
        "center": [
          0.015898484545462593,
          0.16091127387667228,
          0.8600092119022104
        ],
        "axes": [
          [
            -0.0609890946040339,
            0.026540681407097887,
            -0.9977855093003843
          ],
          [
            -0.17948393559861867,
            0.9830603405599417,
            0.03711985560589337
          ],
          [
            0.9818685488401241,
            0.181350376477741,
            -0.05519233415946889
          ]
        ],
        "extents": [
          0.07859414896174322,
          0.06033598834060654,
          0.04855833565101317
        ]
      },
      "after_obb": {
        "center": [
          0.016539027843034758,
          0.1846368407751272,
          0.8643859935825006
        ],
        "axes": [
          [
            -0.0609890946040339,
            0.026540681407097887,
            -0.9977855093003843
          ],
          [
            -0.17948393559861867,
            0.9830603405599417,
            0.03711985560589337
          ],
          [
            0.9818685488401241,
            0.181350376477741,
            -0.05519233415946889
          ]
        ],
        "extents": [
          0.07859414896174322,
          0.03620159300436392,
          0.04855833565101317
        ]
      }
    }
  },
  "neighbor_changes": {
    "wheel_1": {
      "reason": "symmetry",
      "before_obb": {
        "center": [
          -0.007484473027687288,
          0.0688004591861191,
          1.1804872169177314
        ],
        "axes": [
          [
            0.010997712364244183,
            -0.06559822980024863,
            0.9977855093003842
          ],
          [
            0.9104381531870305,
            -0.41197631672365176,
            -0.037119855605893363
          ],
          [
            0.41349899581999267,
            0.9088302298591783,
            0.05519233415946938
          ]
        ],
        "extents": [
          0.05203170000394791,
          0.09501198407005622,
          0.055873263504898456
        ]
      },
      "after_obb": {
        "center": [
          -0.007255581159500864,
          0.08774911712962948,
          1.1890932391987072
        ],
        "axes": [
          [
            0.010997712364244183,
            -0.06559822980024863,
            0.9977855093003842
          ],
          [
            0.9104381531870305,
            -0.41197631672365176,
            -0.037119855605893363
          ],
          [
            0.41349899581999267,
            0.9088302298591783,
            0.05519233415946938
          ]
        ],
        "extents": [
          0.031219020002368744,
          0.09501198407005622,
          0.055873263504898456
        ]
      },
      "mapped_face": "-u0",
      "signed_ratio": -0.8,
      "delta_dst_applied": -0.041625360003158335
    },
    "seat_0": {
      "reason": "containment",
      "before_obb": {
        "center": [
          -0.0070950860421596235,
          -0.10362224221153013,
          1.0460684810837593
        ],
        "axes": [
          [
            -0.06467127417562923,
            0.015546823684390417,
            -0.9977855093003842
          ],
          [
            -0.34746380799352916,
            0.9369583867250634,
            0.037119855605893495
          ],
          [
            0.9354605969420285,
            0.3490949409815228,
            -0.055192334159469635
          ]
        ],
        "extents": [
          0.11679664413874649,
          0.01200370106258174,
          0.052100101535157914
        ]
      },
      "after_obb": {
        "center": [
          -0.007076382980897759,
          -0.10249506726811507,
          1.0464884475154839
        ],
        "axes": [
          [
            -0.06467127417562923,
            0.015546823684390417,
            -0.9977855093003842
          ],
          [
            -0.34746380799352916,
            0.9369583867250634,
            0.037119855605893495
          ],
          [
            0.9354605969420285,
            0.3490949409815228,
            -0.055192334159469635
          ]
        ],
        "extents": [
          0.11679664413874649,
          0.01320671600901374,
          0.052100101535157914
        ]
      },
      "mapped_face": "+u1",
      "signed_ratio": 0.20044067078312544,
      "delta_dst_applied": 0.002406029892864
    },
    "fender_0": {
      "reason": "attachment",
      "before_obb": {
        "center": [
          0.016097667373130918,
          0.027015173426153075,
          0.831182245547835
        ],
        "axes": [
          [
            -0.06098909460403412,
            0.02654068140709781,
            -0.997785509300384
          ],
          [
            -0.17948393559861853,
            0.9830603405599418,
            0.03711985560589338
          ],
          [
            0.981868548840124,
            0.1813503764777409,
            -0.055192334159469475
          ]
        ],
        "extents": [
          0.08054517004204076,
          0.12207498099197321,
          0.063679921953014
        ]
      },
      "after_obb": {
        "center": [
          0.013144713004595233,
          0.06497608046368097,
          0.8354003631080807
        ],
        "axes": [
          [
            -0.06098909460403412,
            0.02654068140709781,
            -0.997785509300384
          ],
          [
            -0.17948393559861853,
            0.9830603405599418,
            0.03711985560589338
          ],
          [
            0.981868548840124,
            0.1813503764777409,
            -0.055192334159469475
          ]
        ],
        "extents": [
          0.08054517004204076,
          0.12207498099197321,
          0.063679921953014
        ]
      },
      "case": "V1(same)->translate",
      "kind": "volume",
      "op": {
        "type": "translate",
        "delta_world": [
          -0.0036911929606696058,
          0.047451133796909864,
          0.005272646950307158
        ],
        "debug": {
          "method": "anchor_as_degenerate_box",
          "edited_face": "-u1",
          "closest_face": "-u1",
          "closest_face_axis": 1,
          "closest_face_sign": -1,
          "closest_face_dist": 0.09655348805479594,
          "volume_box_local_min": [
            0.007020722386385293,
            -0.03621749971418939,
            -0.007127100598395848
          ],
          "volume_box_local_max": [
            0.007020722386385293,
            -0.03621749971418939,
            -0.007127100598395848
          ],
          "debug_faces": [
            {
              "axis": 1,
              "sign": -1,
              "plane": -0.03621749971418939,
              "dist": 0.09655348805479594
            },
            {
              "axis": 1,
              "sign": 1,
              "plane": -0.03621749971418939,
              "dist": 0.09655348805479594
            }
          ],
          "anchor_world": [
            0.014972880507910728,
            0.12420111865280259,
            0.8520530097982719
          ],
          "anchor_local": [
            0.007020722386385293,
            -0.03621749971418939,
            -0.007127100598395848
          ]
        }
      },
      "debug": {
        "edge": {
          "a": "fender_0",
          "b": "wheel_0",
          "anchor_world": [
            0.014972880507910728,
            0.12420111865280259,
            0.8520530097982719
          ],
          "overlap_box_local_min": null,
          "overlap_box_local_max": null
        }
      }
    },
    "handlebar_0": {
      "reason": "attachment",
      "before_obb": {
        "center": [
          0.019396011788564094,
          -0.09352513132638127,
          0.8389769088403497
        ],
        "axes": [
          [
            -0.06620559744319232,
            0.006395021294945843,
            -0.9977855093003843
          ],
          [
            -0.4744817182504113,
            0.8794823564835937,
            0.03711985560589336
          ],
          [
            0.8777721332517495,
            0.47588852511560137,
            -0.055192334159469045
          ]
        ],
        "extents": [
          0.05483002983011424,
          0.029589807892086657,
          0.15337745607233044
        ]
      },
      "after_obb": {
        "center": [
          0.01703364829373554,
          -0.06315640569635897,
          0.8423514028885463
        ],
        "axes": [
          [
            -0.06620559744319232,
            0.006395021294945843,
            -0.9977855093003843
          ],
          [
            -0.4744817182504113,
            0.8794823564835937,
            0.03711985560589336
          ],
          [
            0.8777721332517495,
            0.47588852511560137,
            -0.055192334159469045
          ]
        ],
        "extents": [
          0.05483002983011424,
          0.029589807892086657,
          0.15337745607233044
        ]
      },
      "case": "P1+P2(rigid)",
      "kind": "point",
      "op": {
        "type": "translate",
        "delta_world": [
          -0.0029529543685356888,
          0.03796090703752787,
          0.004218117560245704
        ],
        "reason": "preserve_point_relations"
      },
      "debug": {
        "edge": {
          "a": "fender_0",
          "b": "handlebar_0",
          "anchor_world": [
            0.011646590582607183,
            -0.0808698478020876,
            0.839091740933109
          ]
        },
        "anchor": {
          "P0": [
            0.011646590582607183,
            -0.0808698478020876,
            0.839091740933109
          ],
          "P1": [
            0.008693636214071494,
            -0.04290894076455973,
            0.8433098584933547
          ],
          "infoA": {
            "A_face_axis": 1,
            "A_face_sign": -1,
            "A_delta": 0.0171099913886541,
            "P0_local": [
              -0.01048385471485427,
              -0.10496498960331911,
              -0.024371905037474835
            ],
            "P1_local": [
              -0.01048385471485427,
              -0.10496498960331911,
              -0.024371905037474835
            ]
          }
        }
      }
    },
    "headlight_0": {
      "reason": "attachment",
      "before_obb": {
        "center": [
          0.01022845454915899,
          -0.07393853775233235,
          0.8180063220903462
        ],
        "axes": [
          [
            -0.06098909460403412,
            0.02654068140709781,
            -0.997785509300384
          ],
          [
            -0.17948393559861853,
            0.9830603405599418,
            0.03711985560589338
          ],
          [
            0.981868548840124,
            0.1813503764777409,
            -0.055192334159469475
          ]
        ],
        "extents": [
          0.04988359452390022,
          0.03903992163474104,
          0.05190438461291185
        ]
      },
      "after_obb": {
        "center": [
          0.007866091054330445,
          -0.04356981212231002,
          0.8213808161385427
        ],
        "axes": [
          [
            -0.06098909460403412,
            0.02654068140709781,
            -0.997785509300384
          ],
          [
            -0.17948393559861853,
            0.9830603405599418,
            0.03711985560589338
          ],
          [
            0.981868548840124,
            0.1813503764777409,
            -0.055192334159469475
          ]
        ],
        "extents": [
          0.04988359452390022,
          0.03903992163474104,
          0.05190438461291185
        ]
      },
      "case": "V1(same)->translate",
      "kind": "volume",
      "op": {
        "type": "translate",
        "delta_world": [
          -0.002952954368535682,
          0.0379609070375279,
          0.004218117560245704
        ],
        "debug": {
          "method": "anchor_as_degenerate_box",
          "edited_face": "-u1",
          "closest_face": "-u1",
          "closest_face_axis": 1,
          "closest_face_sign": -1,
          "closest_face_dist": 0.2116738859134465,
          "volume_box_local_min": [
            0.009358062813295603,
            -0.08959890492147327,
            -0.0215213822065696
          ],
          "volume_box_local_max": [
            0.009358062813295603,
            -0.08959890492147327,
            -0.0215213822065696
          ],
          "debug_faces": [
            {
              "axis": 1,
              "sign": -1,
              "plane": -0.08959890492147327,
              "dist": 0.2116738859134465
            },
            {
              "axis": 1,
              "sign": 1,
              "plane": -0.08959890492147327,
              "dist": 0.2116738859134465
            }
          ],
          "anchor_world": [
            0.010477323359334628,
            -0.06472049796151572,
            0.8197068229827933
          ],
          "anchor_local": [
            0.009358062813295603,
            -0.08959890492147327,
            -0.0215213822065696
          ]
        }
      },
      "debug": {
        "edge": {
          "a": "fender_0",
          "b": "headlight_0",
          "anchor_world": [
            0.010477323359334628,
            -0.06472049796151572,
            0.8197068229827933
          ],
          "overlap_box_local_min": null,
          "overlap_box_local_max": null
        }
      }
    },
    "storage_0": {
      "reason": "attachment",
      "before_obb": {
        "center": [
          -0.004745257746011345,
          0.03382702842667641,
          1.051904900420142
        ],
        "axes": [
          [
            -0.06098909460403412,
            0.02654068140709781,
            -0.997785509300384
          ],
          [
            -0.17948393559861853,
            0.9830603405599418,
            0.03711985560589338
          ],
          [
            0.981868548840124,
            0.1813503764777409,
            -0.055192334159469475
          ]
        ],
        "extents": [
          0.2117008433135868,
          0.15168357135611393,
          0.07185725035900792
        ]
      },
      "after_obb": {
        "center": [
          -0.00710762124083989,
          0.06419575405669874,
          1.0552793944683385
        ],
        "axes": [
          [
            -0.06098909460403412,
            0.02654068140709781,
            -0.997785509300384
          ],
          [
            -0.17948393559861853,
            0.9830603405599418,
            0.03711985560589338
          ],
          [
            0.981868548840124,
            0.1813503764777409,
            -0.055192334159469475
          ]
        ],
        "extents": [
          0.2117008433135868,
          0.15168357135611393,
          0.07185725035900792
        ]
      },
      "case": "V1(same)->translate",
      "kind": "volume",
      "op": {
        "type": "translate",
        "delta_world": [
          -0.002952954368535682,
          0.0379609070375279,
          0.004218117560245704
        ],
        "debug": {
          "method": "anchor_as_degenerate_box",
          "edited_face": "-u1",
          "closest_face": "-u1",
          "closest_face_axis": 1,
          "closest_face_sign": -1,
          "closest_face_dist": 0.11950600431250144,
          "volume_box_local_min": [
            -0.043237735348687856,
            0.0025689766794717685,
            -0.005001867263552409
          ],
          "volume_box_local_max": [
            -0.043237735348687856,
            0.0025689766794717685,
            -0.005001867263552409
          ],
          "debug_faces": [
            {
              "axis": 1,
              "sign": -1,
              "plane": 0.0025689766794717685,
              "dist": 0.11950600431250144
            },
            {
              "axis": 1,
              "sign": 1,
              "plane": 0.0025689766794717685,
              "dist": 0.11950600431250144
            }
          ],
          "anchor_world": [
            0.01336243150832845,
            0.027485983045574286,
            0.874695656106549
          ],
          "anchor_local": [
            -0.043237735348687856,
            0.0025689766794717685,
            -0.005001867263552409
          ]
        }
      },
      "debug": {
        "edge": {
          "a": "fender_0",
          "b": "storage_0",
          "anchor_world": [
            0.01336243150832845,
            0.027485983045574286,
            0.874695656106549
          ],
          "overlap_box_local_min": null,
          "overlap_box_local_max": null
        }
      }
    },
    "unknown_0": {
      "reason": "attachment",
      "before_obb": {
        "center": [
          -0.0073445308691411065,
          0.03368931750822936,
          1.243003473019041
        ],
        "axes": [
          [
            -0.04660578957265704,
            0.04745500825499985,
            -0.9977855093003839
          ],
          [
            0.2018462780583019,
            0.9787135415195848,
            0.03711985560589302
          ],
          [
            0.9783077125385037,
            -0.19966929117345406,
            -0.055192334159469725
          ]
        ],
        "extents": [
          0.01468882404335092,
          0.0902174495961313,
          0.03800955467955243
        ]
      },
      "after_obb": {
        "center": [
          -0.006978303880042827,
          0.04775602389063556,
          1.2665015632560468
        ],
        "axes": [
          [
            -0.04660578957265704,
            0.04745500825499985,
            -0.9977855093003839
          ],
          [
            0.2018462780583019,
            0.9787135415195848,
            0.03711985560589302
          ],
          [
            0.9783077125385037,
            -0.19966929117345406,
            -0.055192334159469725
          ]
        ],
        "extents": [
          0.01468882404335092,
          0.0902174495961313,
          0.03800955467955243
        ]
      },
      "case": "V1(same)->translate",
      "kind": "volume",
      "op": {
        "type": "translate",
        "delta_world": [
          0.00045778373637284965,
          0.017583382978007753,
          0.02937261279625747
        ],
        "debug": {
          "method": "anchor_as_degenerate_box",
          "edited_face": "-u0",
          "closest_face": "-u0",
          "closest_face_axis": 0,
          "closest_face_sign": -1,
          "closest_face_dist": 0.0013031430203656533,
          "volume_box_local_min": [
            0.05072855698358226,
            0.008983356026578179,
            -0.01796335439206211
          ],
          "volume_box_local_max": [
            0.05072855698358226,
            0.008983356026578179,
            -0.01796335439206211
          ],
          "debug_faces": [
            {
              "axis": 0,
              "sign": -1,
              "plane": 0.05072855698358226,
              "dist": 0.0013031430203656533
            },
            {
              "axis": 0,
              "sign": 1,
              "plane": 0.05072855698358226,
              "dist": 0.0013031430203656533
            }
          ],
          "anchor_world": [
            -0.006175613881745589,
            0.04544618621884847,
            1.229778535646874
          ],
          "anchor_local": [
            0.05072855698358226,
            0.008983356026578179,
            -0.01796335439206211
          ]
        }
      },
      "debug": {
        "edge": {
          "a": "unknown_0",
          "b": "wheel_1",
          "anchor_world": [
            -0.006175613881745589,
            0.04544618621884847,
            1.229778535646874
          ],
          "overlap_box_local_min": null,
          "overlap_box_local_max": null
        }
      }
    }
  }
}