{
  "params": {
    "attach_thresh": 0.01,
    "attach_face_gap_tol": 0.01,
    "attach_face_overlap_tol": 0.01,
    "contain_tol": 1e-06,
    "contain_strict": true,
    "contain_strict_margin": 0.0001
  },
  "object_space": {
    "origin": [
      0.00431268852206314,
      0.014157810636521133,
      1.0029291689768143
    ],
    "axes": [
      [
        -0.0609890946040341,
        0.02654068140709778,
        -0.9977855093003843
      ],
      [
        -0.17948393559861844,
        0.9830603405599414,
        0.037119855605893294
      ],
      [
        0.9818685488401236,
        0.18135037647774127,
        -0.055192334159469274
      ]
    ]
  },
  "symmetry": {
    "groups": {
      "wheel": [
        "wheel_0",
        "wheel_1"
      ]
    },
    "pairs": [
      {
        "a": "wheel_0",
        "b": "wheel_1",
        "base": "wheel"
      }
    ]
  },
  "attachments": [
    {
      "a": "fender_0",
      "b": "handlebar_0",
      "distance": 0.0,
      "anchor_local": [
        -0.14583982003206536,
        -0.11676904979885414,
        -0.001802504086030221
      ],
      "anchor_world": [
        0.011906709411608846,
        -0.07452421505065432,
        0.8386570097846952
      ],
      "vol_a": 0.005009088184693208,
      "vol_b": 0.0023769299571226327,
      "overlap_volume_est": 0.0006777964330857508,
      "overlap_frac_small": 0.28515625,
      "aabb_aligned_a": true,
      "aabb_aligned_b": true,
      "relation_type": "point"
    },
    {
      "a": "fender_0",
      "b": "headlight_0",
      "distance": 0.0,
      "anchor_local": [
        -0.16611884521298415,
        -0.11060596472912183,
        0.0010335342092298236
      ],
      "anchor_world": [
        0.010477323359334663,
        -0.06472049796151577,
        0.8197068229827933
      ],
      "vol_a": 0.005009088184693208,
      "vol_b": 0.0008086502236413865,
      "overlap_volume_est": 0.0006056979702470151,
      "overlap_frac_small": 0.7490234375,
      "aabb_aligned_a": true,
      "aabb_aligned_b": true,
      "relation_type": "volume"
    },
    {
      "a": "fender_0",
      "b": "storage_0",
      "distance": 0.0,
      "anchor_local": [
        -0.11028805114205516,
        -0.009912611783185844,
        -0.0014574556864955304
      ],
      "anchor_world": [
        0.012230197600043399,
        0.02415394804494703,
        0.8929235847500725
      ],
      "vol_a": 0.005009088184693208,
      "vol_b": 0.013293999737426393,
      "overlap_volume_est": 0.0011617758240865595,
      "overlap_frac_small": 0.23193359375,
      "aabb_aligned_a": true,
      "aabb_aligned_b": true,
      "relation_type": "point"
    },
    {
      "a": "fender_0",
      "b": "unknown_0",
      "distance": 0.0,
      "anchor_local": [
        -0.128852581664044,
        0.08611675344397968,
        -0.0038920709070325403
      ],
      "anchor_world": [
        0.018340340084322476,
        0.12179827096410437,
        0.8922449897402157
      ],
      "vol_a": 0.005009088184693208,
      "vol_b": 0.004670191507787999,
      "overlap_volume_est": 0.00029188696923674993,
      "overlap_frac_small": 0.0625,
      "aabb_aligned_a": true,
      "aabb_aligned_b": true,
      "relation_type": "point"
    },
    {
      "a": "fender_0",
      "b": "wheel_0",
      "distance": 0.0,
      "anchor_local": [
        -0.16854171693378217,
        0.08110069234551875,
        0.0017754140081997563
      ],
      "anchor_world": [
        0.014972880507910753,
        0.12420111865280242,
        0.852053009798272
      ],
      "vol_a": 0.005009088184693208,
      "vol_b": 0.0018421306415238904,
      "overlap_volume_est": 0.0006961958576852985,
      "overlap_frac_small": 0.3779296875,
      "aabb_aligned_a": true,
      "aabb_aligned_b": true,
      "relation_type": "volume"
    },
    {
      "a": "handlebar_0",
      "b": "headlight_0",
      "distance": 0.0,
      "anchor_local": [
        -0.15840035652766554,
        -0.12614593075975847,
        0.0010335342092298236
      ],
      "anchor_world": [
        0.00959413843520935,
        -0.08138256698599773,
        0.8244671855773787
      ],
      "vol_a": 0.0023769299571226327,
      "vol_b": 0.0008086502236413865,
      "overlap_volume_est": 0.0005709512809499242,
      "overlap_frac_small": 0.7060546875,
      "aabb_aligned_a": true,
      "aabb_aligned_b": true,
      "relation_type": "volume"
    },
    {
      "a": "handlebar_0",
      "b": "storage_0",
      "distance": 0.0,
      "anchor_local": [
        -0.10636311040963381,
        -0.10848763717105461,
        0.007064921119033077
      ],
      "anchor_world": [
        0.0008710665935283825,
        -0.07313936439676218,
        0.878430372777422
      ],
      "vol_a": 0.0023769299571226327,
      "vol_b": 0.013293999737426393,
      "overlap_volume_est": 0.00020194619752897367,
      "overlap_frac_small": 0.0849609375,
      "aabb_aligned_a": true,
      "aabb_aligned_b": true,
      "relation_type": "point"
    },
    {
      "a": "headlight_0",
      "b": "storage_0",
      "distance": 0.0,
      "anchor_local": [
        -0.12284858763765537,
        -0.1023245521013223,
        0.0010335342092298236
      ],
      "anchor_world": [
        0.008058103860687156,
        -0.06434568576729971,
        0.8636943652940388
      ],
      "vol_a": 0.0008086502236413865,
      "vol_b": 0.013293999737426393,
      "overlap_volume_est": 5.5673672623747804e-05,
      "overlap_frac_small": 0.06884765625,
      "aabb_aligned_a": true,
      "aabb_aligned_b": true,
      "relation_type": "point"
    },
    {
      "a": "seat_0",
      "b": "storage_0",
      "distance": 0.0,
      "anchor_local": [
        0.06354030430379222,
        -0.08952897085907435,
        0.005039147985398829
      ],
      "anchor_world": [
        -0.006966725839617168,
        -0.0850719813861653,
        1.0488031604459915
      ],
      "vol_a": 0.0005739509809056972,
      "vol_b": 0.013293999737426393,
      "overlap_volume_est": 0.0005108948428667413,
      "overlap_frac_small": 0.89013671875,
      "aabb_aligned_a": false,
      "aabb_aligned_b": true,
      "relation_type": "volume"
    },
    {
      "a": "storage_0",
      "b": "unknown_0",
      "distance": 0.0,
      "anchor_local": [
        0.02483981533514651,
        0.09206095028098052,
        -0.0038920709070325403
      ],
      "anchor_world": [
        0.009124542978289997,
        0.10005645884604174,
        1.0442287028838189
      ],
      "vol_a": 0.013293999737426393,
      "vol_b": 0.004670191507787999,
      "overlap_volume_est": 0.0018128917229938764,
      "overlap_frac_small": 0.38818359375,
      "aabb_aligned_a": true,
      "aabb_aligned_b": true,
      "relation_type": "volume"
    },
    {
      "a": "storage_0",
      "b": "unknown_1",
      "distance": 0.0,
      "anchor_local": [
        0.19981340022253777,
        0.0627020059192002,
        -0.0009595207143522425
      ],
      "anchor_world": [
        -0.005252200019921271,
        0.039898753201590975,
        1.2105436528593843
      ],
      "vol_a": 0.013293999737426393,
      "vol_b": 0.00039444789011584597,
      "overlap_volume_est": 0.0002538487886585376,
      "overlap_frac_small": 0.6435546875,
      "aabb_aligned_a": true,
      "aabb_aligned_b": false,
      "relation_type": "volume"
    },
    {
      "a": "storage_0",
      "b": "wheel_0",
      "distance": 0.0,
      "anchor_local": [
        -0.10912144141621061,
        0.0870448891825196,
        0.0017754140081997563
      ],
      "anchor_world": [
        0.01150665473744373,
        0.11937963791549182,
        0.9114738918266383
      ],
      "vol_a": 0.013293999737426393,
      "vol_b": 0.0018421306415238904,
      "overlap_volume_est": 0.00025275327649815096,
      "overlap_frac_small": 0.13720703125,
      "aabb_aligned_a": true,
      "aabb_aligned_b": true,
      "relation_type": "point"
    },
    {
      "a": "storage_0",
      "b": "wheel_1",
      "distance": 0.0,
      "anchor_local": [
        0.15629532926350231,
        0.06526223391254114,
        0.003999520954643121
      ],
      "anchor_world": [
        -0.007478181995055161,
        0.05041048536072018,
        1.16800522490407
      ],
      "vol_a": 0.013293999737426393,
      "vol_b": 0.0025208281600318746,
      "overlap_volume_est": 0.002023555417525587,
      "overlap_frac_small": 0.802734375,
      "aabb_aligned_a": true,
      "aabb_aligned_b": true,
      "relation_type": "volume"
    },
    {
      "a": "unknown_0",
      "b": "unknown_1",
      "distance": 0.0,
      "anchor_local": [
        0.1609788273523133,
        0.08460362749989596,
        -0.0009595207143522425
      ],
      "anchor_world": [
        -0.0023024306205598312,
        0.06839955074756393,
        1.1763850744696032
      ],
      "vol_a": 0.004670191507787999,
      "vol_b": 0.00039444789011584597,
      "overlap_volume_est": 0.0,
      "overlap_frac_small": 0.0,
      "aabb_aligned_a": true,
      "aabb_aligned_b": false,
      "relation_type": "point"
    },
    {
      "a": "unknown_0",
      "b": "wheel_0",
      "distance": 0.0,
      "anchor_local": [
        -0.12768597193819947,
        0.1236724775491172,
        0.0017754140081997563
      ],
      "anchor_world": [
        0.013611009799276971,
        0.15871880240967584,
        0.899888390122869
      ],
      "vol_a": 0.004670191507787999,
      "vol_b": 0.0018421306415238904,
      "overlap_volume_est": 0.0008302180576789799,
      "overlap_frac_small": 0.45068359375,
      "aabb_aligned_a": true,
      "aabb_aligned_b": true,
      "relation_type": "volume"
    },
    {
      "a": "unknown_0",
      "b": "wheel_1",
      "distance": 0.0,
      "anchor_local": [
        0.12274719600098097,
        0.10425625312649639,
        0.0024564558855991216
      ],
      "anchor_world": [
        -0.002857535915178968,
        0.09470803180638275,
        1.1422221134090544
      ],
      "vol_a": 0.004670191507787999,
      "vol_b": 0.0025208281600318746,
      "overlap_volume_est": 0.0008776125381360969,
      "overlap_frac_small": 0.34814453125,
      "aabb_aligned_a": true,
      "aabb_aligned_b": true,
      "relation_type": "volume"
    },
    {
      "a": "unknown_1",
      "b": "wheel_1",
      "distance": 0.0,
      "anchor_local": [
        0.19452696061483465,
        0.0627020059192002,
        -0.0009595207143522425
      ],
      "anchor_world": [
        -0.004929784854568552,
        0.04084758418768595,
        1.205353064073238
      ],
      "vol_a": 0.00039444789011584597,
      "vol_b": 0.0025208281600318746,
      "overlap_volume_est": 0.0002526931796054638,
      "overlap_frac_small": 0.640625,
      "aabb_aligned_a": false,
      "aabb_aligned_b": true,
      "relation_type": "volume"
    }
  ],
  "nodes": {
    "fender_0": {
      "label_id": 0,
      "n_points": 15251,
      "obb": {
        "center": [
          0.016097667373130935,
          0.027015173426152984,
          0.8311822455478352
        ],
        "axes": [
          [
            -0.0609890946040341,
            0.02654068140709778,
            -0.9977855093003843
          ],
          [
            -0.17948393559861844,
            0.9830603405599414,
            0.037119855605893294
          ],
          [
            0.9818685488401236,
            0.18135037647774127,
            -0.055192334159469274
          ]
        ],
        "extents": [
          0.08054517004204073,
          0.12207498099197316,
          0.06367992195301403
        ]
      }
    },
    "handlebar_0": {
      "label_id": 1,
      "n_points": 4677,
      "obb": {
        "center": [
          0.019591964699144006,
          -0.08490031090390382,
          0.8412350687084782
        ],
        "axes": [
          [
            -0.0609890946040341,
            0.02654068140709778,
            -0.9977855093003843
          ],
          [
            -0.17948393559861844,
            0.9830603405599414,
            0.037119855605893294
          ],
          [
            0.9818685488401236,
            0.18135037647774127,
            -0.055192334159469274
          ]
        ],
        "extents": [
          0.05865058306660318,
          0.03302878005875391,
          0.1533774560723305
        ]
      }
    },
    "headlight_0": {
      "label_id": 2,
      "n_points": 3541,
      "obb": {
        "center": [
          0.010228454549159022,
          -0.07393853775233238,
          0.8180063220903463
        ],
        "axes": [
          [
            -0.0609890946040341,
            0.02654068140709778,
            -0.9977855093003843
          ],
          [
            -0.17948393559861844,
            0.9830603405599414,
            0.037119855605893294
          ],
          [
            0.9818685488401236,
            0.18135037647774127,
            -0.055192334159469274
          ]
        ],
        "extents": [
          0.0498835945239002,
          0.03903992163474103,
          0.05190438461291187
        ]
      }
    },
    "seat_0": {
      "label_id": 3,
      "n_points": 3484,
      "obb": {
        "center": [
          -0.007431804599893564,
          -0.10229838478748265,
          1.0456253140684164
        ],
        "axes": [
          [
            -0.02161321516677979,
            0.9997530602063305,
            -0.005165998280271521
          ],
          [
            -0.3374443996149832,
            -0.0024308858794383887,
            0.9413423224111007
          ],
          [
            0.9410973095799595,
            0.022088671347965508,
            0.3374136104241255
          ]
        ],
        "extents": [
          0.11644068565224171,
          0.0517004504267744,
          0.011917515750731737
        ]
      }
    },
    "storage_0": {
      "label_id": 4,
      "n_points": 26705,
      "obb": {
        "center": [
          -0.006725355117747541,
          -0.0009096616520873832,
          1.064339445090582
        ],
        "axes": [
          [
            -0.0609890946040341,
            0.02654068140709778,
            -0.9977855093003843
          ],
          [
            -0.17948393559861844,
            0.9830603405599414,
            0.037119855605893294
          ],
          [
            0.9818685488401236,
            0.18135037647774127,
            -0.055192334159469274
          ]
        ],
        "extents": [
          0.19313631279159776,
          0.11973776520117446,
          0.07185725035900795
        ]
      }
    },
    "wheel_0": {
      "label_id": 5,
      "n_points": 8325,
      "obb": {
        "center": [
          0.015898484545462558,
          0.1609112738766721,
          0.8600092119022105
        ],
        "axes": [
          [
            -0.0609890946040341,
            0.02654068140709778,
            -0.9977855093003843
          ],
          [
            -0.17948393559861844,
            0.9830603405599414,
            0.037119855605893294
          ],
          [
            0.9818685488401236,
            0.18135037647774127,
            -0.055192334159469274
          ]
        ],
        "extents": [
          0.07859414896174319,
          0.06033598834060655,
          0.04855833565101317
        ]
      }
    },
    "wheel_1": {
      "label_id": 6,
      "n_points": 7895,
      "obb": {
        "center": [
          -0.007154510347569255,
          0.06239920392926457,
          1.1702168476663644
        ],
        "axes": [
          [
            -0.0609890946040341,
            0.02654068140709778,
            -0.9977855093003843
          ],
          [
            -0.17948393559861844,
            0.9830603405599414,
            0.037119855605893294
          ],
          [
            0.9818685488401236,
            0.18135037647774127,
            -0.055192334159469274
          ]
        ],
        "extents": [
          0.08994249251806018,
          0.0627024191879642,
          0.05587326350489846
        ]
      }
    },
    "unknown_0": {
      "label_id": 7,
      "n_points": 3063,
      "obb": {
        "center": [
          0.011104640350026198,
          0.1347931489248055,
          1.0317941582133787
        ],
        "axes": [
          [
            -0.0609890946040341,
            0.02654068140709778,
            -0.9977855093003843
          ],
          [
            -0.17948393559861844,
            0.9830603405599414,
            0.037119855605893294
          ],
          [
            0.9818685488401236,
            0.18135037647774127,
            -0.055192334159469274
          ]
        ],
        "extents": [
          0.17286627044336217,
          0.05565420612894823,
          0.06067872522848612
        ]
      }
    },
    "unknown_1": {
      "label_id": 8,
      "n_points": 4904,
      "obb": {
        "center": [
          -0.007285132214660719,
          0.033916066075541346,
          1.2432719987529985
        ],
        "axes": [
          [
            0.05643579432373615,
            0.9977369678982431,
            0.036550567824174596
          ],
          [
            0.9773150734468055,
            -0.04772155270526959,
            -0.20634413154016185
          ],
          [
            -0.20413291829764835,
            0.04736661584511615,
            -0.9777965817953483
          ]
        ],
        "extents": [
          0.0903300171877186,
          0.03815269877362015,
          0.014306793009736295
        ]
      }
    }
  },
  "containment": []
}