{
  "params": {
    "attach_thresh": 0.01,
    "attach_face_gap_tol": 0.01,
    "attach_face_overlap_tol": 0.01,
    "contain_tol": 1e-06,
    "contain_strict": true,
    "contain_strict_margin": 0.0001
  },
  "object_space": {
    "origin": [
      0.00431268852206314,
      0.014157810636521133,
      1.0029291689768143
    ],
    "axes": [
      [
        -0.0609890946040341,
        0.02654068140709778,
        -0.9977855093003843
      ],
      [
        -0.17948393559861844,
        0.9830603405599414,
        0.037119855605893294
      ],
      [
        0.9818685488401236,
        0.18135037647774127,
        -0.055192334159469274
      ]
    ]
  },
  "symmetry": {
    "groups": {
      "wheel": [
        "wheel_0",
        "wheel_1"
      ]
    },
    "pairs": [
      {
        "a": "wheel_0",
        "b": "wheel_1",
        "base": "wheel"
      }
    ]
  },
  "attachments": [
    {
      "a": "fender_0",
      "b": "handlebar_0",
      "distance": 0.0,
      "anchor_local": [
        -0.14425816763827565,
        -0.12293525476608354,
        -0.0018025040860301933
      ],
      "anchor_world": [
        0.011646590582607183,
        -0.0808698478020876,
        0.839091740933109
      ],
      "vol_a": 0.005009088184693209,
      "vol_b": 0.0019907290086535433,
      "overlap_volume_est": 0.00047629746789074035,
      "overlap_frac_small": 0.2392578125,
      "aabb_aligned_a": true,
      "aabb_aligned_b": false,
      "relation_type": "point"
    },
    {
      "a": "fender_0",
      "b": "headlight_0",
      "distance": 0.0,
      "anchor_local": [
        -0.16611884521298426,
        -0.11060596472912182,
        0.0010335342092298652
      ],
      "anchor_world": [
        0.010477323359334628,
        -0.06472049796151572,
        0.8197068229827933
      ],
      "vol_a": 0.005009088184693209,
      "vol_b": 0.0008086502236413868,
      "overlap_volume_est": 0.0006056979702470153,
      "overlap_frac_small": 0.7490234375,
      "aabb_aligned_a": true,
      "aabb_aligned_b": true,
      "relation_type": "volume"
    },
    {
      "a": "fender_0",
      "b": "storage_0",
      "distance": 0.0,
      "anchor_local": [
        -0.12885258166404412,
        -0.009912611783185844,
        -0.0014574556864955165
      ],
      "anchor_world": [
        0.01336243150832845,
        0.027485983045574286,
        0.874695656106549
      ],
      "vol_a": 0.005009088184693209,
      "vol_b": 0.018459575737971138,
      "overlap_volume_est": 0.0022012594561640077,
      "overlap_frac_small": 0.439453125,
      "aabb_aligned_a": true,
      "aabb_aligned_b": true,
      "relation_type": "volume"
    },
    {
      "a": "fender_0",
      "b": "wheel_0",
      "distance": 0.0,
      "anchor_local": [
        -0.16854171693378228,
        0.0811006923455189,
        0.001775414008199791
      ],
      "anchor_world": [
        0.014972880507910728,
        0.12420111865280259,
        0.8520530097982719
      ],
      "vol_a": 0.005009088184693209,
      "vol_b": 0.0018421306415238904,
      "overlap_volume_est": 0.0006961958576852985,
      "overlap_frac_small": 0.3779296875,
      "aabb_aligned_a": true,
      "aabb_aligned_b": true,
      "relation_type": "volume"
    },
    {
      "a": "handlebar_0",
      "b": "headlight_0",
      "distance": 0.0,
      "anchor_local": [
        -0.15681870413387586,
        -0.13231213572698786,
        0.0010335342092298652
      ],
      "anchor_world": [
        0.009334019606207673,
        -0.08772819973743101,
        0.8249019167257926
      ],
      "vol_a": 0.0019907290086535433,
      "vol_b": 0.0008086502236413868,
      "overlap_volume_est": 0.0004706597004787759,
      "overlap_frac_small": 0.58203125,
      "aabb_aligned_a": false,
      "aabb_aligned_b": true,
      "relation_type": "volume"
    },
    {
      "a": "handlebar_0",
      "b": "storage_0",
      "distance": 0.0,
      "anchor_local": [
        -0.1271665417743219,
        -0.11465384213828406,
        0.007064921119033077
      ],
      "anchor_world": [
        0.001976193755591775,
        -0.07546723421651921,
        0.8568858942202345
      ],
      "vol_a": 0.0019907290086535433,
      "vol_b": 0.018459575737971138,
      "overlap_volume_est": 0.00017496641677619033,
      "overlap_frac_small": 0.087890625,
      "aabb_aligned_a": false,
      "aabb_aligned_b": true,
      "relation_type": "point"
    },
    {
      "a": "headlight_0",
      "b": "storage_0",
      "distance": 0.0,
      "anchor_local": [
        -0.14141311815964433,
        -0.10232455210132235,
        0.0010335342092298652
      ],
      "anchor_world": [
        0.009190337768972177,
        -0.06101365076667249,
        0.8454664366505152
      ],
      "vol_a": 0.0008086502236413868,
      "vol_b": 0.018459575737971138,
      "overlap_volume_est": 0.00020769043829852024,
      "overlap_frac_small": 0.2568359375,
      "aabb_aligned_a": true,
      "aabb_aligned_b": true,
      "relation_type": "point"
    },
    {
      "a": "seat_0",
      "b": "storage_0",
      "distance": 0.0,
      "anchor_local": [
        0.06419251103870763,
        -0.10826433848266094,
        0.004629574269356694
      ],
      "anchor_world": [
        -0.007095086042159626,
        -0.10362224221153002,
        1.046068481083759
      ],
      "vol_a": 0.0005843514049762865,
      "vol_b": 0.018459575737971138,
      "overlap_volume_est": 0.0004978970711345801,
      "overlap_frac_small": 0.85205078125,
      "aabb_aligned_a": false,
      "aabb_aligned_b": true,
      "relation_type": "volume"
    },
    {
      "a": "storage_0",
      "b": "unknown_0",
      "distance": 0.0,
      "anchor_local": [
        0.23292678005850817,
        0.06242882467168524,
        -0.0008938499096782307
      ],
      "anchor_world": [
        -0.007344530869141099,
        0.03368931750822946,
        1.2430034730190407
      ],
      "vol_a": 0.018459575737971138,
      "vol_b": 0.0004029585197903153,
      "overlap_volume_est": 0.0003419638219704922,
      "overlap_frac_small": 0.8486328125,
      "aabb_aligned_a": true,
      "aabb_aligned_b": false,
      "relation_type": "volume"
    },
    {
      "a": "storage_0",
      "b": "wheel_0",
      "distance": 0.0,
      "anchor_local": [
        -0.12768597193819958,
        0.11865641645065644,
        0.001775414008199791
      ],
      "anchor_world": [
        0.01347788011974416,
        0.15378771167795355,
        0.8989787255542278
      ],
      "vol_a": 0.018459575737971138,
      "vol_b": 0.0018421306415238904,
      "overlap_volume_est": 0.0009165679315004123,
      "overlap_frac_small": 0.49755859375,
      "aabb_aligned_a": true,
      "aabb_aligned_b": true,
      "relation_type": "volume"
    },
    {
      "a": "storage_0",
      "b": "wheel_1",
      "distance": 0.0,
      "anchor_local": [
        0.16525068345523622,
        0.0851265566608076,
        0.003999520954643135
      ],
      "anchor_world": [
        -0.007497148277637964,
        0.06833097103161159,
        1.1804006079375304
      ],
      "vol_a": 0.018459575737971138,
      "vol_b": 0.0022097361914207186,
      "overlap_volume_est": 0.002168735226931467,
      "overlap_frac_small": 0.9814453125,
      "aabb_aligned_a": true,
      "aabb_aligned_b": false,
      "relation_type": "volume"
    },
    {
      "a": "unknown_0",
      "b": "wheel_1",
      "distance": 0.0009555725559731165,
      "anchor_local": [
        0.2177601697371707,
        0.07161921251228173,
        -0.0008938499096782307
      ],
      "anchor_world": [
        -0.006175613881745589,
        0.04544618621884847,
        1.229778535646874
      ],
      "vol_a": 0.0004029585197903153,
      "vol_b": 0.0022097361914207186,
      "overlap_volume_est": 0.00024515933381774065,
      "overlap_frac_small": 0.6083984375,
      "aabb_aligned_a": false,
      "aabb_aligned_b": false,
      "relation_type": "volume"
    }
  ],
  "nodes": {
    "fender_0": {
      "label_id": 0,
      "n_points": 15251,
      "obb": {
        "center": [
          0.016097667373130918,
          0.027015173426153075,
          0.831182245547835
        ],
        "axes": [
          [
            -0.06098909460403412,
            0.02654068140709781,
            -0.997785509300384
          ],
          [
            -0.17948393559861853,
            0.9830603405599418,
            0.03711985560589338
          ],
          [
            0.981868548840124,
            0.1813503764777409,
            -0.055192334159469475
          ]
        ],
        "extents": [
          0.08054517004204076,
          0.12207498099197321,
          0.063679921953014
        ]
      }
    },
    "handlebar_0": {
      "label_id": 1,
      "n_points": 4677,
      "obb": {
        "center": [
          0.019396011788564094,
          -0.09352513132638127,
          0.8389769088403497
        ],
        "axes": [
          [
            -0.06620559744319232,
            0.006395021294945843,
            -0.9977855093003843
          ],
          [
            -0.4744817182504113,
            0.8794823564835937,
            0.03711985560589336
          ],
          [
            0.8777721332517495,
            0.47588852511560137,
            -0.055192334159469045
          ]
        ],
        "extents": [
          0.05483002983011424,
          0.029589807892086657,
          0.15337745607233044
        ]
      }
    },
    "headlight_0": {
      "label_id": 2,
      "n_points": 3541,
      "obb": {
        "center": [
          0.01022845454915899,
          -0.07393853775233235,
          0.8180063220903462
        ],
        "axes": [
          [
            -0.06098909460403412,
            0.02654068140709781,
            -0.997785509300384
          ],
          [
            -0.17948393559861853,
            0.9830603405599418,
            0.03711985560589338
          ],
          [
            0.981868548840124,
            0.1813503764777409,
            -0.055192334159469475
          ]
        ],
        "extents": [
          0.04988359452390022,
          0.03903992163474104,
          0.05190438461291185
        ]
      }
    },
    "seat_0": {
      "label_id": 3,
      "n_points": 3484,
      "obb": {
        "center": [
          -0.0070950860421596235,
          -0.10362224221153013,
          1.0460684810837593
        ],
        "axes": [
          [
            -0.06467127417562923,
            0.015546823684390417,
            -0.9977855093003842
          ],
          [
            -0.34746380799352916,
            0.9369583867250634,
            0.037119855605893495
          ],
          [
            0.9354605969420285,
            0.3490949409815228,
            -0.055192334159469635
          ]
        ],
        "extents": [
          0.11679664413874649,
          0.01200370106258174,
          0.052100101535157914
        ]
      }
    },
    "storage_0": {
      "label_id": 4,
      "n_points": 29768,
      "obb": {
        "center": [
          -0.004745257746011345,
          0.03382702842667641,
          1.051904900420142
        ],
        "axes": [
          [
            -0.06098909460403412,
            0.02654068140709781,
            -0.997785509300384
          ],
          [
            -0.17948393559861853,
            0.9830603405599418,
            0.03711985560589338
          ],
          [
            0.981868548840124,
            0.1813503764777409,
            -0.055192334159469475
          ]
        ],
        "extents": [
          0.2117008433135868,
          0.15168357135611393,
          0.07185725035900792
        ]
      }
    },
    "wheel_0": {
      "label_id": 5,
      "n_points": 8325,
      "obb": {
        "center": [
          0.015898484545462537,
          0.16091127387667228,
          0.8600092119022104
        ],
        "axes": [
          [
            -0.06098909460403412,
            0.02654068140709781,
            -0.997785509300384
          ],
          [
            -0.17948393559861853,
            0.9830603405599418,
            0.03711985560589338
          ],
          [
            0.981868548840124,
            0.1813503764777409,
            -0.055192334159469475
          ]
        ],
        "extents": [
          0.07859414896174322,
          0.06033598834060655,
          0.048558335651013154
        ]
      }
    },
    "wheel_1": {
      "label_id": 6,
      "n_points": 7895,
      "obb": {
        "center": [
          -0.007484473027687288,
          0.0688004591861191,
          1.1804872169177314
        ],
        "axes": [
          [
            0.010997712364244183,
            -0.06559822980024863,
            0.9977855093003842
          ],
          [
            0.9104381531870305,
            -0.41197631672365176,
            -0.037119855605893363
          ],
          [
            0.41349899581999267,
            0.9088302298591783,
            0.05519233415946938
          ]
        ],
        "extents": [
          0.05203170000394791,
          0.09501198407005622,
          0.055873263504898456
        ]
      }
    },
    "unknown_0": {
      "label_id": 7,
      "n_points": 4904,
      "obb": {
        "center": [
          -0.0073445308691411065,
          0.03368931750822936,
          1.243003473019041
        ],
        "axes": [
          [
            -0.04660578957265704,
            0.04745500825499985,
            -0.9977855093003839
          ],
          [
            0.2018462780583019,
            0.9787135415195848,
            0.03711985560589302
          ],
          [
            0.9783077125385037,
            -0.19966929117345406,
            -0.055192334159469725
          ]
        ],
        "extents": [
          0.01468882404335092,
          0.0902174495961313,
          0.03800955467955243
        ]
      }
    }
  },
  "containment": [
    {
      "outer": "storage_0",
      "inner": "seat_0",
      "margin_min": [
        0.11398685253016576,
        0.003438140602116904,
        0.01732180197417362
      ],
      "margin_max": [
        0.07582154581951484,
        0.2759215999849475,
        0.022192495673526387
      ]
    },
    {
      "outer": "storage_0",
      "inner": "unknown_0",
      "margin_min": [
        0.38482894164536185,
        0.09591755522291352,
        0.02588892465074418
      ],
      "margin_max": [
        0.009195096895109861,
        0.027014688297051753,
        0.041806466708166796
      ]
    }
  ]
}