{
  "params": {
    "attach_thresh": 0.01,
    "attach_face_gap_tol": 0.01,
    "attach_face_overlap_tol": 0.01,
    "contain_tol": 1e-06,
    "contain_strict": true,
    "contain_strict_margin": 0.0001
  },
  "object_space": {
    "origin": [
      0.00431268852206314,
      0.014157810636521133,
      1.0029291689768143
    ],
    "axes": [
      [
        -0.0609890946040341,
        0.02654068140709778,
        -0.9977855093003843
      ],
      [
        -0.17948393559861844,
        0.9830603405599414,
        0.037119855605893294
      ],
      [
        0.9818685488401236,
        0.18135037647774127,
        -0.055192334159469274
      ]
    ]
  },
  "symmetry": {
    "groups": {
      "wheel": [
        "wheel_0",
        "wheel_1"
      ]
    },
    "pairs": [
      {
        "a": "wheel_0",
        "b": "wheel_1",
        "base": "wheel"
      }
    ]
  },
  "attachments": [
    {
      "a": "fender_0",
      "b": "handlebar_0",
      "distance": 0.0,
      "anchor_local": [
        -0.14583982003206536,
        -0.11676904979885414,
        -0.001802504086030221
      ],
      "anchor_world": [
        0.011906709411608846,
        -0.07452421505065432,
        0.8386570097846952
      ],
      "axis": 1,
      "a_face": "-u1",
      "b_face": "+u1",
      "gap": 0.0,
      "overlaps": [
        0.10945128466836365,
        0.046999911208208775,
        0.12735984390602806
      ]
    },
    {
      "a": "fender_0",
      "b": "headlight_0",
      "distance": 0.0,
      "anchor_local": [
        -0.16611884521298415,
        -0.11060596472912183,
        0.0010335342092298236
      ],
      "anchor_world": [
        0.010477323359334663,
        -0.06472049796151577,
        0.8197068229827933
      ],
      "axis": 1,
      "a_face": "-u1",
      "b_face": "+u1",
      "gap": 0.0,
      "overlaps": [
        0.09976718904780041,
        0.05932608134767339,
        0.10380876922582374
      ]
    },
    {
      "a": "fender_0",
      "b": "storage_0",
      "distance": 0.0,
      "anchor_local": [
        -0.11028805114205516,
        -0.009912611783185844,
        -0.0014574556864955304
      ],
      "anchor_world": [
        0.012230197600043399,
        0.02415394804494703,
        0.8929235847500725
      ],
      "axis": 0,
      "a_face": "+u0",
      "b_face": "-u0",
      "gap": 0.0,
      "overlaps": [
        0.038347746888343276,
        0.22758713672834724,
        0.12666974710695866
      ]
    },
    {
      "a": "fender_0",
      "b": "unknown_0",
      "distance": 0.0,
      "anchor_local": [
        -0.128852581664044,
        0.08611675344397968,
        -0.0038920709070325403
      ],
      "anchor_world": [
        0.018340340084322476,
        0.12179827096410437,
        0.8922449897402157
      ],
      "axis": 1,
      "a_face": "+u1",
      "b_face": "-u1",
      "gap": 0.0,
      "overlaps": [
        0.075476807932321,
        0.0355284062740162,
        0.12135745045697224
      ]
    },
    {
      "a": "fender_0",
      "b": "wheel_0",
      "distance": 0.0,
      "anchor_local": [
        -0.16854171693378217,
        0.08110069234551875,
        0.0017754140081997563
      ],
      "anchor_world": [
        0.014972880507910753,
        0.12420111865280242,
        0.852053009798272
      ],
      "axis": 1,
      "a_face": "+u1",
      "b_face": "-u1",
      "gap": 0.0,
      "overlaps": [
        0.15485507847179728,
        0.04556052847093803,
        0.09711667130202634
      ]
    },
    {
      "a": "handlebar_0",
      "b": "headlight_0",
      "distance": 0.0,
      "anchor_local": [
        -0.15840035652766554,
        -0.12614593075975847,
        0.0010335342092298236
      ],
      "anchor_world": [
        0.00959413843520935,
        -0.08138256698599773,
        0.8244671855773787
      ],
      "axis": 1,
      "a_face": "+u1",
      "b_face": "-u1",
      "gap": 0.0,
      "overlaps": [
        0.08433021167716323,
        0.06575367313001744,
        0.10380876922582374
      ]
    },
    {
      "a": "handlebar_0",
      "b": "storage_0",
      "distance": 0.0,
      "anchor_local": [
        -0.10636311040963381,
        -0.10848763717105461,
        0.007064921119033077
      ],
      "anchor_world": [
        0.0008710665935283825,
        -0.07313936439676218,
        0.878430372777422
      ],
      "axis": 1,
      "a_face": "+u1",
      "b_face": "-u1",
      "gap": 0.0,
      "overlaps": [
        0.04619762835318597,
        0.030437085952609702,
        0.1437145007180159
      ]
    },
    {
      "a": "headlight_0",
      "b": "storage_0",
      "distance": 0.0,
      "anchor_local": [
        -0.12284858763765537,
        -0.1023245521013223,
        0.0010335342092298236
      ],
      "anchor_world": [
        0.008058103860687156,
        -0.06434568576729971,
        0.8636943652940388
      ],
      "axis": 0,
      "a_face": "+u0",
      "b_face": "-u0",
      "gap": 0.0,
      "overlaps": [
        0.013226673897142854,
        0.04276325609207432,
        0.10380876922582374
      ]
    },
    {
      "a": "seat_0",
      "b": "storage_0",
      "distance": 0.0,
      "anchor_local": [
        0.06464034601967904,
        -0.10147509579237964,
        0.004629574269356715
      ],
      "anchor_world": [
        -0.006942207964942884,
        -0.09702838616516146,
        1.0477394278845267
      ],
      "axis": 1,
      "a_face": "+u1",
      "b_face": "-u1",
      "gap": 0.0,
      "overlaps": [
        0.2305444066622818,
        0.04446216870995964,
        0.10420020307031579
      ]
    },
    {
      "a": "storage_0",
      "b": "unknown_0",
      "distance": 0.0,
      "anchor_local": [
        0.02483981533514651,
        0.09206095028098052,
        -0.0038920709070325403
      ],
      "anchor_world": [
        0.009124542978289997,
        0.10005645884604174,
        1.0442287028838189
      ],
      "axis": 1,
      "a_face": "+u1",
      "b_face": "-u1",
      "gap": 0.0,
      "overlaps": [
        0.3086034798427466,
        0.047416799948017896,
        0.12135745045697224
      ]
    },
    {
      "a": "storage_0",
      "b": "unknown_1",
      "distance": 0.0,
      "anchor_local": [
        0.22116109455001545,
        0.044948023313770596,
        -0.0008938499096782307
      ],
      "anchor_world": [
        -0.007090904742163497,
        0.01861638651213711,
        1.2282809665553174
      ],
      "axis": 0,
      "a_face": "+u0",
      "b_face": "-u0",
      "gap": 0.0,
      "overlaps": [
        0.07129921289390656,
        0.14164265388243774,
        0.07601910935910487
      ]
    },
    {
      "a": "storage_0",
      "b": "wheel_0",
      "distance": 0.0,
      "anchor_local": [
        -0.10912144141621061,
        0.0870448891825196,
        0.0017754140081997563
      ],
      "anchor_world": [
        0.01150665473744373,
        0.11937963791549182,
        0.9114738918266383
      ],
      "axis": 0,
      "a_face": "-u0",
      "b_face": "+u0",
      "gap": 0.0,
      "overlaps": [
        0.040680966340032376,
        0.057448922144939726,
        0.09711667130202634
      ]
    },
    {
      "a": "storage_0",
      "b": "wheel_1",
      "distance": 0.0,
      "anchor_local": [
        0.15629532926350231,
        0.06526223391254114,
        0.003999520954643121
      ],
      "anchor_world": [
        -0.007478181995055161,
        0.05041048536072018,
        1.16800522490407
      ],
      "axis": 1,
      "a_face": "+u1",
      "b_face": "-u1",
      "gap": 0.0,
      "overlaps": [
        0.17988498503612038,
        0.10101423268489665,
        0.11174652700979693
      ]
    },
    {
      "a": "unknown_0",
      "b": "unknown_1",
      "distance": 0.006369932846542359,
      "anchor_local": [
        0.182326521679791,
        0.10446502629875144,
        -0.0008938499096782307
      ],
      "anchor_world": [
        -0.003142797488944457,
        0.08409537371169865,
        1.200943951744557
      ],
      "axis": 0,
      "a_face": "+u0",
      "b_face": "-u0",
      "gap": 0.006369932846542359,
      "overlaps": [
        0.0,
        0.07222495198355974,
        0.07601910935910487
      ]
    },
    {
      "a": "unknown_0",
      "b": "wheel_0",
      "distance": 0.0,
      "anchor_local": [
        -0.12768597193819947,
        0.1236724775491172,
        0.0017754140081997563
      ],
      "anchor_world": [
        0.013611009799276971,
        0.15871880240967584,
        0.899888390122869
      ],
      "axis": 0,
      "a_face": "-u0",
      "b_face": "+u0",
      "gap": 0.0,
      "overlaps": [
        0.0778100273840101,
        0.11063985448429126,
        0.09711667130202634
      ]
    },
    {
      "a": "unknown_0",
      "b": "wheel_1",
      "distance": 0.0,
      "anchor_local": [
        0.12274719600098097,
        0.10425625312649639,
        0.0024564558855991216
      ],
      "anchor_world": [
        -0.002857535915178968,
        0.09470803180638275,
        1.1422221134090544
      ],
      "axis": 1,
      "a_face": "-u1",
      "b_face": "+u1",
      "gap": 0.0,
      "overlaps": [
        0.11278871851107768,
        0.07180740563904964,
        0.10866039687170892
      ]
    },
    {
      "a": "unknown_1",
      "b": "wheel_1",
      "distance": 0.0,
      "anchor_local": [
        0.21587465494231234,
        0.07745753675805701,
        -0.0008938499096782307
      ],
      "anchor_world": [
        -0.00590566493778621,
        0.05152403085621027,
        1.2289859902714004
      ],
      "axis": 0,
      "a_face": "-u0",
      "b_face": "+u0",
      "gap": 0.0,
      "overlaps": [
        0.06072633367850033,
        0.1254048383759284,
        0.07601910935910487
      ]
    }
  ],
  "nodes": {
    "fender_0": {
      "label_id": 0,
      "n_points": 15251,
      "obb": {
        "center": [
          0.016097667373130935,
          0.027015173426152984,
          0.8311822455478352
        ],
        "axes": [
          [
            -0.0609890946040341,
            0.02654068140709778,
            -0.9977855093003843
          ],
          [
            -0.17948393559861844,
            0.9830603405599414,
            0.037119855605893294
          ],
          [
            0.9818685488401236,
            0.18135037647774127,
            -0.055192334159469274
          ]
        ],
        "extents": [
          0.08054517004204073,
          0.12207498099197316,
          0.06367992195301403
        ]
      }
    },
    "handlebar_0": {
      "label_id": 1,
      "n_points": 4677,
      "obb": {
        "center": [
          0.019591964699144006,
          -0.08490031090390382,
          0.8412350687084782
        ],
        "axes": [
          [
            -0.0609890946040341,
            0.02654068140709778,
            -0.9977855093003843
          ],
          [
            -0.17948393559861844,
            0.9830603405599414,
            0.037119855605893294
          ],
          [
            0.9818685488401236,
            0.18135037647774127,
            -0.055192334159469274
          ]
        ],
        "extents": [
          0.05865058306660318,
          0.03302878005875391,
          0.1533774560723305
        ]
      }
    },
    "headlight_0": {
      "label_id": 2,
      "n_points": 3541,
      "obb": {
        "center": [
          0.010228454549159022,
          -0.07393853775233238,
          0.8180063220903463
        ],
        "axes": [
          [
            -0.0609890946040341,
            0.02654068140709778,
            -0.9977855093003843
          ],
          [
            -0.17948393559861844,
            0.9830603405599414,
            0.037119855605893294
          ],
          [
            0.9818685488401236,
            0.18135037647774127,
            -0.055192334159469274
          ]
        ],
        "extents": [
          0.0498835945239002,
          0.03903992163474103,
          0.05190438461291187
        ]
      }
    },
    "seat_0": {
      "label_id": 3,
      "n_points": 3484,
      "obb": {
        "center": [
          -0.007013420850810412,
          -0.09966609402048675,
          1.0472528358688942
        ],
        "axes": [
          [
            -0.0609890946040341,
            0.02654068140709778,
            -0.9977855093003843
          ],
          [
            -0.17948393559861844,
            0.9830603405599414,
            0.037119855605893294
          ],
          [
            0.9818685488401236,
            0.18135037647774127,
            -0.055192334159469274
          ]
        ],
        "extents": [
          0.1152722033311409,
          0.024914244021275365,
          0.05210010153515789
        ]
      }
    },
    "storage_0": {
      "label_id": 4,
      "n_points": 26705,
      "obb": {
        "center": [
          -0.006725355117747541,
          -0.0009096616520873832,
          1.064339445090582
        ],
        "axes": [
          [
            -0.0609890946040341,
            0.02654068140709778,
            -0.9977855093003843
          ],
          [
            -0.17948393559861844,
            0.9830603405599414,
            0.037119855605893294
          ],
          [
            0.9818685488401236,
            0.18135037647774127,
            -0.055192334159469274
          ]
        ],
        "extents": [
          0.19313631279159776,
          0.11973776520117446,
          0.07185725035900795
        ]
      }
    },
    "wheel_0": {
      "label_id": 5,
      "n_points": 8325,
      "obb": {
        "center": [
          0.015898484545462558,
          0.1609112738766721,
          0.8600092119022105
        ],
        "axes": [
          [
            -0.0609890946040341,
            0.02654068140709778,
            -0.9977855093003843
          ],
          [
            -0.17948393559861844,
            0.9830603405599414,
            0.037119855605893294
          ],
          [
            0.9818685488401236,
            0.18135037647774127,
            -0.055192334159469274
          ]
        ],
        "extents": [
          0.07859414896174319,
          0.06033598834060655,
          0.04855833565101317
        ]
      }
    },
    "wheel_1": {
      "label_id": 6,
      "n_points": 7895,
      "obb": {
        "center": [
          -0.007154510347569255,
          0.06239920392926457,
          1.1702168476663644
        ],
        "axes": [
          [
            -0.0609890946040341,
            0.02654068140709778,
            -0.9977855093003843
          ],
          [
            -0.17948393559861844,
            0.9830603405599414,
            0.037119855605893294
          ],
          [
            0.9818685488401236,
            0.18135037647774127,
            -0.055192334159469274
          ]
        ],
        "extents": [
          0.08994249251806018,
          0.0627024191879642,
          0.05587326350489846
        ]
      }
    },
    "unknown_0": {
      "label_id": 7,
      "n_points": 3063,
      "obb": {
        "center": [
          0.011104640350026198,
          0.1347931489248055,
          1.0317941582133787
        ],
        "axes": [
          [
            -0.0609890946040341,
            0.02654068140709778,
            -0.9977855093003843
          ],
          [
            -0.17948393559861844,
            0.9830603405599414,
            0.037119855605893294
          ],
          [
            0.9818685488401236,
            0.18135037647774127,
            -0.055192334159469274
          ]
        ],
        "extents": [
          0.17286627044336217,
          0.05565420612894823,
          0.06067872522848612
        ]
      }
    },
    "unknown_1": {
      "label_id": 8,
      "n_points": 4904,
      "obb": {
        "center": [
          -0.00695032115836598,
          0.030255227980786344,
          1.2335672052408289
        ],
        "axes": [
          [
            -0.0609890946040341,
            0.02654068140709778,
            -0.9977855093003843
          ],
          [
            -0.17948393559861844,
            0.9830603405599414,
            0.037119855605893294
          ],
          [
            0.9818685488401236,
            0.18135037647774127,
            -0.055192334159469274
          ]
        ],
        "extents": [
          0.03874243881582533,
          0.0832254029589898,
          0.038009554679552436
        ]
      }
    }
  },
  "containment": []
}