{
  "params": {
    "attach_thresh": 0.01,
    "attach_face_gap_tol": 0.01,
    "attach_face_overlap_tol": 0.01,
    "contain_tol": 1e-06,
    "contain_strict": true,
    "contain_strict_margin": 0.0001
  },
  "object_space": {
    "origin": [
      0.00431268852206314,
      0.014157810636521133,
      1.0029291689768143
    ],
    "axes": [
      [
        -0.0609890946040341,
        0.02654068140709778,
        -0.9977855093003843
      ],
      [
        -0.17948393559861844,
        0.9830603405599414,
        0.037119855605893294
      ],
      [
        0.9818685488401236,
        0.18135037647774127,
        -0.055192334159469274
      ]
    ]
  },
  "symmetry": {
    "groups": {
      "wheel": [
        "wheel_0",
        "wheel_1"
      ]
    },
    "pairs": [
      {
        "a": "wheel_0",
        "b": "wheel_1",
        "base": "wheel"
      }
    ]
  },
  "attachments": [
    {
      "a": "fender_0",
      "b": "handlebar_0",
      "distance": 0.0,
      "anchor_local": [
        -0.14719298395189195,
        -0.12128959257849355,
        -0.0018025040860301933
      ],
      "anchor_world": [
        0.011869259368228323,
        -0.07872531018928189,
        0.8365085785554208
      ],
      "vol_a": 0.004191019945481001,
      "vol_b": 0.0018669782234994761,
      "overlap_volume_est": 0.0005314688985840794,
      "overlap_frac_small": 0.28466796875,
      "aabb_aligned_a": true,
      "aabb_aligned_b": true,
      "relation_type": "point"
    },
    {
      "a": "fender_0",
      "b": "headlight_0",
      "distance": 0.0,
      "anchor_local": [
        -0.1856898533238674,
        -0.11154758192183539,
        0.0010335342092298583
      ],
      "anchor_world": [
        0.011645950262586347,
        -0.062133482920288044,
        0.8003199030172257
      ],
      "vol_a": 0.004191019945481001,
      "vol_b": 0.0004795376108957902,
      "overlap_volume_est": 0.0003537994775700874,
      "overlap_frac_small": 0.73779296875,
      "aabb_aligned_a": true,
      "aabb_aligned_b": true,
      "relation_type": "volume"
    },
    {
      "a": "fender_0",
      "b": "storage_0",
      "distance": 0.0,
      "anchor_local": [
        -0.11556165440459233,
        -0.009883716640909403,
        -0.001457455686495454
      ],
      "anchor_world": [
        0.012552596785091717,
        0.025128880781699725,
        0.8877508397124567
      ],
      "vol_a": 0.004191019945481001,
      "vol_b": 0.011824030893602342,
      "overlap_volume_est": 0.0010764045367788117,
      "overlap_frac_small": 0.2568359375,
      "aabb_aligned_a": true,
      "aabb_aligned_b": false,
      "relation_type": "point"
    },
    {
      "a": "fender_0",
      "b": "wheel_0",
      "distance": 0.0,
      "anchor_local": [
        -0.16348999569755315,
        0.07269253735026371,
        0.001775414008199791
      ],
      "anchor_world": [
        0.014441622440570578,
        0.11502869213066073,
        0.8554883139237603
      ],
      "vol_a": 0.004191019945481001,
      "vol_b": 0.0018421306415238904,
      "overlap_volume_est": 0.00041645824561794984,
      "overlap_frac_small": 0.22607421875,
      "aabb_aligned_a": true,
      "aabb_aligned_b": true,
      "relation_type": "point"
    },
    {
      "a": "handlebar_0",
      "b": "headlight_0",
      "distance": 0.0,
      "anchor_local": [
        -0.17797136463854876,
        -0.13066647353939786,
        0.0010335342092298583
      ],
      "anchor_world": [
        0.010667778214678725,
        -0.08231385175109202,
        0.8044312261092362
      ],
      "vol_a": 0.0018669782234994761,
      "vol_b": 0.0004795376108957902,
      "overlap_volume_est": 0.00026716426466410966,
      "overlap_frac_small": 0.55712890625,
      "aabb_aligned_a": true,
      "aabb_aligned_b": true,
      "relation_type": "volume"
    },
    {
      "a": "handlebar_0",
      "b": "storage_0",
      "distance": 0.0,
      "anchor_local": [
        -0.11691481832441891,
        -0.10457112981316244,
        0.007064921119033146
      ],
      "anchor_world": [
        0.001618552479791647,
        -0.06739533927587446,
        0.8687802427231787
      ],
      "vol_a": 0.0018669782234994761,
      "vol_b": 0.011824030893602342,
      "overlap_volume_est": 0.0,
      "overlap_frac_small": 0.0,
      "aabb_aligned_a": true,
      "aabb_aligned_b": false,
      "relation_type": "point"
    },
    {
      "a": "seat_0",
      "b": "storage_0",
      "distance": 0.0,
      "anchor_local": [
        0.06437279611343308,
        -0.10337815302710845,
        0.002910974478828439
      ],
      "anchor_world": [
        -0.00526160480689017,
        -0.0989149795243657,
        1.047226462434287
      ],
      "vol_a": 0.00034067610929179137,
      "vol_b": 0.011824030893602342,
      "overlap_volume_est": 0.00019944856203166886,
      "overlap_frac_small": 0.58544921875,
      "aabb_aligned_a": false,
      "aabb_aligned_b": false,
      "relation_type": "volume"
    },
    {
      "a": "storage_0",
      "b": "unknown_0",
      "distance": 0.0,
      "anchor_local": [
        0.236368532599706,
        0.040273310823524124,
        -0.0010490103958277833
      ],
      "anchor_world": [
        -0.00798764579023845,
        0.011285611693083349,
        1.2423734744841115
      ],
      "vol_a": 0.011824030893602342,
      "vol_b": 0.0002770729022234522,
      "overlap_volume_est": 0.00012838973838381649,
      "overlap_frac_small": 0.46337890625,
      "aabb_aligned_a": false,
      "aabb_aligned_b": false,
      "relation_type": "volume"
    },
    {
      "a": "storage_0",
      "b": "wheel_0",
      "distance": 0.0,
      "anchor_local": [
        -0.1143950446787478,
        0.07931862103755002,
        0.001775414008199791
      ],
      "anchor_world": [
        0.01162322660442527,
        0.1127307771899865,
        0.9048947450072341
      ],
      "vol_a": 0.011824030893602342,
      "vol_b": 0.0018421306415238904,
      "overlap_volume_est": 0.00028153656777196175,
      "overlap_frac_small": 0.15283203125,
      "aabb_aligned_a": false,
      "aabb_aligned_b": true,
      "relation_type": "point"
    },
    {
      "a": "storage_0",
      "b": "wheel_1",
      "distance": 0.0,
      "anchor_local": [
        0.1538921349681786,
        0.06463285571178487,
        0.003999520954643107
      ],
      "anchor_world": [
        -0.007348317477136619,
        0.050223103382476555,
        1.1655314660350855
      ],
      "vol_a": 0.011824030893602342,
      "vol_b": 0.002175780424796806,
      "overlap_volume_est": 0.0011654448857432108,
      "overlap_frac_small": 0.53564453125,
      "aabb_aligned_a": false,
      "aabb_aligned_b": true,
      "relation_type": "volume"
    },
    {
      "a": "unknown_0",
      "b": "wheel_1",
      "distance": 0.0,
      "anchor_local": [
        0.23343561563563875,
        0.0845544267022704,
        -0.0010490103958277833
      ],
      "anchor_world": [
        -0.006633518851162592,
        0.05534303202871263,
        1.2475241325961994
      ],
      "vol_a": 0.0002770729022234522,
      "vol_b": 0.002175780424796806,
      "overlap_volume_est": 0.0001550417704824591,
      "overlap_frac_small": 0.5595703125,
      "aabb_aligned_a": false,
      "aabb_aligned_b": true,
      "relation_type": "volume"
    }
  ],
  "nodes": {
    "fender_0": {
      "label_id": 0,
      "n_points": 15251,
      "obb": {
        "center": [
          0.015376267825614513,
          0.017283182257181322,
          0.8376786533087694
        ],
        "axes": [
          [
            -0.06098909460403412,
            0.02654068140709781,
            -0.997785509300384
          ],
          [
            -0.17948393559861853,
            0.9830603405599418,
            0.03711985560589338
          ],
          [
            0.981868548840124,
            0.1813503764777409,
            -0.055192334159469475
          ]
        ],
        "extents": [
          0.07237581799966952,
          0.11366682599671801,
          0.063679921953014
        ]
      }
    },
    "handlebar_0": {
      "label_id": 1,
      "n_points": 4677,
      "obb": {
        "center": [
          0.019793893237408357,
          -0.08839694223288512,
          0.8352328616179778
        ],
        "axes": [
          [
            -0.06098909460403412,
            0.02654068140709781,
            -0.997785509300384
          ],
          [
            -0.17948393559861853,
            0.9830603405599418,
            0.03711985560589338
          ],
          [
            0.981868548840124,
            0.1813503764777409,
            -0.055192334159469475
          ]
        ],
        "extents": [
          0.053372478414355176,
          0.02850823727911453,
          0.15337745607233044
        ]
      }
    },
    "headlight_0": {
      "label_id": 2,
      "n_points": 3541,
      "obb": {
        "center": [
          0.01139708145241071,
          -0.07135152271110463,
          0.7986194021247786
        ],
        "axes": [
          [
            -0.06098909460403412,
            0.02654068140709781,
            -0.997785509300384
          ],
          [
            -0.17948393559861853,
            0.9830603405599418,
            0.03711985560589338
          ],
          [
            0.981868548840124,
            0.1813503764777409,
            -0.055192334159469475
          ]
        ],
        "extents": [
          0.030312586413016984,
          0.03809830444202748,
          0.05190438461291185
        ]
      }
    },
    "seat_0": {
      "label_id": 3,
      "n_points": 3484,
      "obb": {
        "center": [
          -0.005364151045894422,
          -0.10271326710758127,
          1.0465257720953864
        ],
        "axes": [
          [
            -0.06467127417562923,
            0.015546823684390417,
            -0.9977855093003842
          ],
          [
            -0.34746380799352916,
            0.9369583867250634,
            0.037119855605893495
          ],
          [
            0.9354605969420285,
            0.3490949409815228,
            -0.055192334159469635
          ]
        ],
        "extents": [
          0.11679664413874649,
          0.007317664834101124,
          0.04982517276134344
        ]
      }
    },
    "storage_0": {
      "label_id": 4,
      "n_points": 29768,
      "obb": {
        "center": [
          -0.00639570121810644,
          0.0007036972144423836,
          1.059464923291904
        ],
        "axes": [
          [
            -0.06408930186085304,
            0.017794347899302045,
            -0.9977855093003839
          ],
          [
            -0.31455276630196577,
            0.9485139290129472,
            0.037119855605893884
          ],
          [
            0.9470739773633151,
            0.3162351777574091,
            -0.055192334159469676
          ]
        ],
        "extents": [
          0.1985877023801449,
          0.10357444691867322,
          0.07185725035900786
        ]
      }
    },
    "wheel_0": {
      "label_id": 5,
      "n_points": 8325,
      "obb": {
        "center": [
          0.015898484545462537,
          0.16091127387667228,
          0.8600092119022104
        ],
        "axes": [
          [
            -0.06098909460403412,
            0.02654068140709781,
            -0.997785509300384
          ],
          [
            -0.17948393559861853,
            0.9830603405599418,
            0.03711985560589338
          ],
          [
            0.981868548840124,
            0.1813503764777409,
            -0.055192334159469475
          ]
        ],
        "extents": [
          0.07859414896174322,
          0.06033598834060655,
          0.048558335651013154
        ]
      }
    },
    "wheel_1": {
      "label_id": 6,
      "n_points": 7895,
      "obb": {
        "center": [
          -0.006819585408349261,
          0.06980720974487227,
          1.1691442504342382
        ],
        "axes": [
          [
            -0.06098909460403412,
            0.02654068140709781,
            -0.997785509300384
          ],
          [
            -0.17948393559861853,
            0.9830603405599418,
            0.03711985560589338
          ],
          [
            0.981868548840124,
            0.1813503764777409,
            -0.055192334159469475
          ]
        ],
        "extents": [
          0.08753929822273648,
          0.05560552924375081,
          0.05587326350489844
        ]
      }
    },
    "unknown_0": {
      "label_id": 7,
      "n_points": 4904,
      "obb": {
        "center": [
          -0.0073593133942046075,
          0.03455888978852397,
          1.2466668200401692
        ],
        "axes": [
          [
            -0.04660578957265704,
            0.04745500825499985,
            -0.9977855093003839
          ],
          [
            0.2018462780583019,
            0.9787135415195848,
            0.03711985560589302
          ],
          [
            0.9783077125385037,
            -0.19966929117345406,
            -0.055192334159469725
          ]
        ],
        "extents": [
          0.010928734519343558,
          0.08371781603485717,
          0.03785439419340287
        ]
      }
    }
  },
  "containment": []
}