{
  "params": {
    "attach_thresh": 0.01,
    "attach_face_gap_tol": 0.01,
    "attach_face_overlap_tol": 0.01,
    "contain_tol": 1e-06,
    "contain_strict": true,
    "contain_strict_margin": 0.0001
  },
  "object_space": {
    "origin": [
      0.00431268852206314,
      0.014157810636521133,
      1.0029291689768143
    ],
    "axes": [
      [
        -0.060989094604033886,
        0.026540681407097918,
        -0.9977855093003843
      ],
      [
        -0.17948393559861864,
        0.9830603405599416,
        0.0371198556058934
      ],
      [
        0.981868548840124,
        0.181350376477741,
        -0.05519233415946906
      ]
    ]
  },
  "symmetry": {
    "groups": {
      "wheel": [
        "wheel_0",
        "wheel_1"
      ]
    },
    "pairs": [
      {
        "a": "wheel_0",
        "b": "wheel_1",
        "base": "wheel"
      }
    ]
  },
  "attachments": [
    {
      "a": "fender_0",
      "b": "handlebar_0",
      "distance": 0.0,
      "anchor_local": [
        -0.14425816763827568,
        -0.1229352547660835,
        -0.0018025040860302766
      ],
      "anchor_world": [
        0.011646590582607221,
        -0.08086984780208757,
        0.8390917409331089
      ],
      "vol_a": 0.005009088184693209,
      "vol_b": 0.0019907290086535433,
      "overlap_volume_est": 0.00047629746789074035,
      "overlap_frac_small": 0.2392578125,
      "aabb_aligned_a": true,
      "aabb_aligned_b": false,
      "relation_type": "point"
    },
    {
      "a": "fender_0",
      "b": "headlight_0",
      "distance": 0.0,
      "anchor_local": [
        -0.1661188452129843,
        -0.11060596472912175,
        0.0010335342092297473
      ],
      "anchor_world": [
        0.010477323359334698,
        -0.06472049796151565,
        0.8197068229827932
      ],
      "vol_a": 0.005009088184693209,
      "vol_b": 0.0008086502236413869,
      "overlap_volume_est": 0.0006056979702470154,
      "overlap_frac_small": 0.7490234375,
      "aabb_aligned_a": true,
      "aabb_aligned_b": true,
      "relation_type": "volume"
    },
    {
      "a": "fender_0",
      "b": "unknown_0",
      "distance": 0.0,
      "anchor_local": [
        -0.12885258166404412,
        0.08611675344397979,
        -0.003892070907032523
      ],
      "anchor_world": [
        0.018340340084322455,
        0.12179827096410453,
        0.8922449897402155
      ],
      "vol_a": 0.005009088184693209,
      "vol_b": 0.004670191507788006,
      "overlap_volume_est": 0.00029188696923675036,
      "overlap_frac_small": 0.0625,
      "aabb_aligned_a": true,
      "aabb_aligned_b": true,
      "relation_type": "point"
    },
    {
      "a": "fender_0",
      "b": "wheel_0",
      "distance": 0.0,
      "anchor_local": [
        -0.16854171693378237,
        0.08110069234551896,
        0.0017754140081997216
      ],
      "anchor_world": [
        0.01497288050791078,
        0.1242011186528027,
        0.8520530097982718
      ],
      "vol_a": 0.005009088184693209,
      "vol_b": 0.0018421306415238906,
      "overlap_volume_est": 0.0006961958576852985,
      "overlap_frac_small": 0.3779296875,
      "aabb_aligned_a": true,
      "aabb_aligned_b": true,
      "relation_type": "volume"
    },
    {
      "a": "handlebar_0",
      "b": "headlight_0",
      "distance": 0.0,
      "anchor_local": [
        -0.15681870413387589,
        -0.13231213572698786,
        0.0010335342092297473
      ],
      "anchor_world": [
        0.00933401960620774,
        -0.08772819973743101,
        0.8249019167257925
      ],
      "vol_a": 0.0019907290086535433,
      "vol_b": 0.0008086502236413869,
      "overlap_volume_est": 0.000470659700478776,
      "overlap_frac_small": 0.58203125,
      "aabb_aligned_a": false,
      "aabb_aligned_b": true,
      "relation_type": "volume"
    },
    {
      "a": "seat_0",
      "b": "storage_0",
      "distance": 0.0,
      "anchor_local": [
        0.06419251103870768,
        -0.09747970274686912,
        0.004629574269356729
      ],
      "anchor_world": [
        -0.006808854461004412,
        -0.09302029453228765,
        1.0480242788346203
      ],
      "vol_a": 0.0005843514049762865,
      "vol_b": 0.011264019720160065,
      "overlap_volume_est": 0.0002413873479540715,
      "overlap_frac_small": 0.4130859375,
      "aabb_aligned_a": false,
      "aabb_aligned_b": false,
      "relation_type": "volume"
    },
    {
      "a": "storage_0",
      "b": "unknown_0",
      "distance": 0.0,
      "anchor_local": [
        0.05787406694496452,
        0.12400675643591992,
        -0.003892070907032523
      ],
      "anchor_world": [
        0.007957677345136504,
        0.1255319964356932,
        1.0824573795470536
      ],
      "vol_a": 0.011264019720160065,
      "vol_b": 0.004670191507788006,
      "overlap_volume_est": 0.0011880711794714604,
      "overlap_frac_small": 0.25439453125,
      "aabb_aligned_a": false,
      "aabb_aligned_b": true,
      "relation_type": "point"
    },
    {
      "a": "storage_0",
      "b": "wheel_1",
      "distance": 0.0,
      "anchor_local": [
        0.13486801165447626,
        0.0856041348268031,
        0.003999520954643156
      ],
      "anchor_world": [
        -0.005631461382907402,
        0.07425366069492068,
        1.1506554270468334
      ],
      "vol_a": 0.011264019720160065,
      "vol_b": 0.002209736191420718,
      "overlap_volume_est": 0.000899863273264101,
      "overlap_frac_small": 0.4072265625,
      "aabb_aligned_a": false,
      "aabb_aligned_b": false,
      "relation_type": "volume"
    },
    {
      "a": "unknown_0",
      "b": "wheel_0",
      "distance": 0.0,
      "anchor_local": [
        -0.12768597193819964,
        0.12367247754911735,
        0.0017754140081997216
      ],
      "anchor_world": [
        0.013611009799277013,
        0.15871880240967606,
        0.8998883901228688
      ],
      "vol_a": 0.004670191507788006,
      "vol_b": 0.0018421306415238906,
      "overlap_volume_est": 0.00083021805767898,
      "overlap_frac_small": 0.45068359375,
      "aabb_aligned_a": true,
      "aabb_aligned_b": true,
      "relation_type": "volume"
    },
    {
      "a": "unknown_0",
      "b": "wheel_1",
      "distance": 0.0,
      "anchor_local": [
        0.1461802693539041,
        0.12400675643591992,
        0.00245645588559917
      ],
      "anchor_world": [
        -0.003762506026798426,
        0.10991810808742114,
        1.1688120723477422
      ],
      "vol_a": 0.004670191507788006,
      "vol_b": 0.002209736191420718,
      "overlap_volume_est": 0.0009257586192573126,
      "overlap_frac_small": 0.4189453125,
      "aabb_aligned_a": true,
      "aabb_aligned_b": false,
      "relation_type": "volume"
    },
    {
      "a": "unknown_1",
      "b": "wheel_1",
      "distance": 0.0009555725559731165,
      "anchor_local": [
        0.21776016973717074,
        0.07161921251228168,
        -0.0008938499096781752
      ],
      "anchor_world": [
        -0.006175613881745592,
        0.045446186218848376,
        1.2297785356468742
      ],
      "vol_a": 0.0004029585197903153,
      "vol_b": 0.002209736191420718,
      "overlap_volume_est": 0.00024515933381774065,
      "overlap_frac_small": 0.6083984375,
      "aabb_aligned_a": false,
      "aabb_aligned_b": false,
      "relation_type": "volume"
    }
  ],
  "nodes": {
    "fender_0": {
      "label_id": 0,
      "n_points": 15251,
      "obb": {
        "center": [
          0.016097667373130963,
          0.027015173426153095,
          0.831182245547835
        ],
        "axes": [
          [
            -0.0609890946040339,
            0.026540681407097887,
            -0.9977855093003843
          ],
          [
            -0.17948393559861867,
            0.9830603405599417,
            0.03711985560589337
          ],
          [
            0.9818685488401241,
            0.181350376477741,
            -0.05519233415946889
          ]
        ],
        "extents": [
          0.08054517004204076,
          0.1220749809919732,
          0.063679921953014
        ]
      }
    },
    "handlebar_0": {
      "label_id": 1,
      "n_points": 4677,
      "obb": {
        "center": [
          0.01939601178856408,
          -0.0935251313263813,
          0.8389769088403497
        ],
        "axes": [
          [
            -0.06620559744319232,
            0.006395021294946212,
            -0.9977855093003842
          ],
          [
            -0.47448171825041147,
            0.8794823564835935,
            0.037119855605893315
          ],
          [
            0.8777721332517495,
            0.4758885251156014,
            -0.05519233415946889
          ]
        ],
        "extents": [
          0.054830029830114244,
          0.029589807892086657,
          0.15337745607233044
        ]
      }
    },
    "headlight_0": {
      "label_id": 2,
      "n_points": 3541,
      "obb": {
        "center": [
          0.01022845454915906,
          -0.07393853775233232,
          0.8180063220903462
        ],
        "axes": [
          [
            -0.0609890946040339,
            0.026540681407097887,
            -0.9977855093003843
          ],
          [
            -0.17948393559861867,
            0.9830603405599417,
            0.03711985560589337
          ],
          [
            0.9818685488401241,
            0.181350376477741,
            -0.05519233415946889
          ]
        ],
        "extents": [
          0.049883594523900225,
          0.039039921634741036,
          0.051904384612911865
        ]
      }
    },
    "seat_0": {
      "label_id": 3,
      "n_points": 3484,
      "obb": {
        "center": [
          -0.007095086042159664,
          -0.10362224221153012,
          1.0460684810837593
        ],
        "axes": [
          [
            0.015546823684390532,
            -0.0646712741756284,
            0.9977855093003842
          ],
          [
            0.9369583867250634,
            -0.3474638079935294,
            -0.037119855605893363
          ],
          [
            0.3490949409815231,
            0.9354605969420285,
            0.05519233415946868
          ]
        ],
        "extents": [
          0.012003701062581754,
          0.11679664413874649,
          0.05210010153515786
        ]
      }
    },
    "storage_0": {
      "label_id": 4,
      "n_points": 26705,
      "obb": {
        "center": [
          -0.00639504252952983,
          -0.0007369480673240503,
          1.0584841027562324
        ],
        "axes": [
          [
            0.01554682368439031,
            -0.06467127417562858,
            0.9977855093003841
          ],
          [
            0.9369583867250634,
            -0.3474638079935293,
            -0.03711985560589331
          ],
          [
            0.34909494098152316,
            0.9354605969420282,
            0.05519233415946908
          ]
        ],
        "extents": [
          0.0986429729126996,
          0.19863998226352378,
          0.07185725035900793
        ]
      }
    },
    "wheel_0": {
      "label_id": 5,
      "n_points": 8325,
      "obb": {
        "center": [
          0.015898484545462593,
          0.16091127387667228,
          0.8600092119022104
        ],
        "axes": [
          [
            -0.0609890946040339,
            0.026540681407097887,
            -0.9977855093003843
          ],
          [
            -0.17948393559861867,
            0.9830603405599417,
            0.03711985560589337
          ],
          [
            0.9818685488401241,
            0.181350376477741,
            -0.05519233415946889
          ]
        ],
        "extents": [
          0.07859414896174322,
          0.06033598834060654,
          0.04855833565101317
        ]
      }
    },
    "wheel_1": {
      "label_id": 6,
      "n_points": 7895,
      "obb": {
        "center": [
          -0.007484473027687269,
          0.0688004591861191,
          1.1804872169177314
        ],
        "axes": [
          [
            0.010997712364244405,
            -0.06559822980024867,
            0.9977855093003839
          ],
          [
            0.9104381531870305,
            -0.4119763167236518,
            -0.03711985560589349
          ],
          [
            0.4134989958199927,
            0.9088302298591785,
            0.055192334159469135
          ]
        ],
        "extents": [
          0.05203170000394791,
          0.09501198407005625,
          0.055873263504898435
        ]
      }
    },
    "unknown_0": {
      "label_id": 7,
      "n_points": 3063,
      "obb": {
        "center": [
          0.011104640350026208,
          0.1347931489248056,
          1.0317941582133787
        ],
        "axes": [
          [
            -0.0609890946040339,
            0.026540681407097887,
            -0.9977855093003843
          ],
          [
            -0.17948393559861867,
            0.9830603405599417,
            0.03711985560589337
          ],
          [
            0.9818685488401241,
            0.181350376477741,
            -0.05519233415946889
          ]
        ],
        "extents": [
          0.17286627044336222,
          0.05565420612894829,
          0.06067872522848614
        ]
      }
    },
    "unknown_1": {
      "label_id": 8,
      "n_points": 4904,
      "obb": {
        "center": [
          -0.007344530869141105,
          0.03368931750822937,
          1.243003473019041
        ],
        "axes": [
          [
            -0.0466057895726566,
            0.04745500825499995,
            -0.9977855093003839
          ],
          [
            0.2018462780583018,
            0.9787135415195849,
            0.03711985560589326
          ],
          [
            0.9783077125385037,
            -0.19966929117345397,
            -0.05519233415946956
          ]
        ],
        "extents": [
          0.01468882404335092,
          0.09021744959613132,
          0.03800955467955242
        ]
      }
    }
  },
  "containment": []
}