{
  "params": {
    "attach_thresh": 0.01,
    "attach_face_gap_tol": 0.01,
    "attach_face_overlap_tol": 0.01,
    "contain_tol": 1e-06,
    "contain_strict": true,
    "contain_strict_margin": 0.0001
  },
  "object_space": {
    "origin": [
      0.00431268852206314,
      0.014157810636521133,
      1.0029291689768143
    ],
    "axes": [
      [
        -0.06098909460403397,
        0.02654068140709782,
        -0.9977855093003843
      ],
      [
        -0.17948393559861875,
        0.9830603405599416,
        0.03711985560589333
      ],
      [
        0.981868548840124,
        0.1813503764777411,
        -0.05519233415946913
      ]
    ]
  },
  "symmetry": {
    "groups": {
      "wheel": [
        "wheel_0",
        "wheel_1"
      ]
    },
    "pairs": [
      {
        "a": "wheel_0",
        "b": "wheel_1",
        "base": "wheel"
      }
    ]
  },
  "attachments": [
    {
      "a": "fender_0",
      "b": "handlebar_0",
      "distance": 0.0,
      "anchor_local": [
        -0.14583982003206541,
        -0.11676904979885405,
        -0.001802504086030235
      ],
      "anchor_world": [
        0.011906709411608842,
        -0.07452421505065421,
        0.838657009784695
      ],
      "vol_a": 0.005009088184693209,
      "vol_b": 0.002376929957122635,
      "overlap_volume_est": 0.0006777964330857513,
      "overlap_frac_small": 0.28515625,
      "aabb_aligned_a": true,
      "aabb_aligned_b": true,
      "relation_type": "volume"
    },
    {
      "a": "fender_0",
      "b": "headlight_0",
      "distance": 0.0,
      "anchor_local": [
        -0.1661188452129843,
        -0.11060596472912176,
        0.0010335342092298028
      ],
      "anchor_world": [
        0.01047732335933467,
        -0.06472049796151563,
        0.8197068229827932
      ],
      "vol_a": 0.005009088184693209,
      "vol_b": 0.0008086502236413869,
      "overlap_volume_est": 0.0006056979702470154,
      "overlap_frac_small": 0.7490234375,
      "aabb_aligned_a": true,
      "aabb_aligned_b": true,
      "relation_type": "volume"
    },
    {
      "a": "fender_0",
      "b": "storage_0",
      "distance": 0.0,
      "anchor_local": [
        -0.11028805114205525,
        -0.009912611783185844,
        -0.0014574556864955512
      ],
      "anchor_world": [
        0.012230197600043412,
        0.02415394804494708,
        0.8929235847500724
      ],
      "vol_a": 0.005009088184693209,
      "vol_b": 0.013293999737426405,
      "overlap_volume_est": 0.0011617758240865597,
      "overlap_frac_small": 0.23193359375,
      "aabb_aligned_a": true,
      "aabb_aligned_b": true,
      "relation_type": "volume"
    },
    {
      "a": "fender_0",
      "b": "unknown_0",
      "distance": 0.0,
      "anchor_local": [
        -0.12885258166404412,
        0.08611675344397976,
        -0.0038920709070325334
      ],
      "anchor_world": [
        0.018340340084322466,
        0.1217982709641045,
        0.8922449897402156
      ],
      "vol_a": 0.005009088184693209,
      "vol_b": 0.004670191507788005,
      "overlap_volume_est": 0.0002918869692367503,
      "overlap_frac_small": 0.0625,
      "aabb_aligned_a": true,
      "aabb_aligned_b": true,
      "relation_type": "point"
    },
    {
      "a": "fender_0",
      "b": "wheel_0",
      "distance": 0.0,
      "anchor_local": [
        -0.16854171693378237,
        0.08110069234551892,
        0.0017754140081997424
      ],
      "anchor_world": [
        0.014972880507910763,
        0.12420111865280269,
        0.8520530097982718
      ],
      "vol_a": 0.005009088184693209,
      "vol_b": 0.0018421306415238913,
      "overlap_volume_est": 0.0006961958576852988,
      "overlap_frac_small": 0.3779296875,
      "aabb_aligned_a": true,
      "aabb_aligned_b": true,
      "relation_type": "volume"
    },
    {
      "a": "handlebar_0",
      "b": "headlight_0",
      "distance": 0.0,
      "anchor_local": [
        -0.15840035652766563,
        -0.12614593075975838,
        0.0010335342092298028
      ],
      "anchor_world": [
        0.009594138435209352,
        -0.0813825669859976,
        0.8244671855773786
      ],
      "vol_a": 0.002376929957122635,
      "vol_b": 0.0008086502236413869,
      "overlap_volume_est": 0.0005709512809499246,
      "overlap_frac_small": 0.7060546875,
      "aabb_aligned_a": true,
      "aabb_aligned_b": true,
      "relation_type": "volume"
    },
    {
      "a": "handlebar_0",
      "b": "storage_0",
      "distance": 0.0,
      "anchor_local": [
        -0.10636311040963384,
        -0.10848763717105463,
        0.007064921119033063
      ],
      "anchor_world": [
        0.000871066593528379,
        -0.07313936439676219,
        0.8784303727774219
      ],
      "vol_a": 0.002376929957122635,
      "vol_b": 0.013293999737426405,
      "overlap_volume_est": 0.00020194619752897386,
      "overlap_frac_small": 0.0849609375,
      "aabb_aligned_a": true,
      "aabb_aligned_b": true,
      "relation_type": "point"
    },
    {
      "a": "headlight_0",
      "b": "storage_0",
      "distance": 0.0,
      "anchor_local": [
        -0.12284858763765547,
        -0.10232455210132232,
        0.0010335342092298028
      ],
      "anchor_world": [
        0.008058103860687161,
        -0.06434568576729968,
        0.8636943652940386
      ],
      "vol_a": 0.0008086502236413869,
      "vol_b": 0.013293999737426405,
      "overlap_volume_est": 5.567367262374783e-05,
      "overlap_frac_small": 0.06884765625,
      "aabb_aligned_a": true,
      "aabb_aligned_b": true,
      "relation_type": "point"
    },
    {
      "a": "seat_0",
      "b": "storage_0",
      "distance": 0.0,
      "anchor_local": [
        0.06354030430379229,
        -0.08952897085907449,
        0.005039147985398827
      ],
      "anchor_world": [
        -0.006966725839617168,
        -0.08507198138616548,
        1.0488031604459918
      ],
      "vol_a": 0.000573950980905693,
      "vol_b": 0.013293999737426405,
      "overlap_volume_est": 0.0005108948428667375,
      "overlap_frac_small": 0.89013671875,
      "aabb_aligned_a": false,
      "aabb_aligned_b": true,
      "relation_type": "volume"
    },
    {
      "a": "storage_0",
      "b": "unknown_0",
      "distance": 0.0,
      "anchor_local": [
        0.024839815335146495,
        0.09206095028098055,
        -0.0038920709070325334
      ],
      "anchor_world": [
        0.00912454297829,
        0.10005645884604177,
        1.0442287028838189
      ],
      "vol_a": 0.013293999737426405,
      "vol_b": 0.004670191507788005,
      "overlap_volume_est": 0.0018128917229938788,
      "overlap_frac_small": 0.38818359375,
      "aabb_aligned_a": true,
      "aabb_aligned_b": true,
      "relation_type": "volume"
    },
    {
      "a": "storage_0",
      "b": "unknown_1",
      "distance": 0.0,
      "anchor_local": [
        0.19981340022253785,
        0.06270200591920011,
        -0.0009595207143522459
      ],
      "anchor_world": [
        -0.005252200019921246,
        0.03989875320159083,
        1.2105436528593845
      ],
      "vol_a": 0.013293999737426405,
      "vol_b": 0.0003944478901158517,
      "overlap_volume_est": 0.0002538487886585413,
      "overlap_frac_small": 0.6435546875,
      "aabb_aligned_a": true,
      "aabb_aligned_b": false,
      "relation_type": "volume"
    },
    {
      "a": "storage_0",
      "b": "wheel_0",
      "distance": 0.0,
      "anchor_local": [
        -0.10912144141621075,
        0.0870448891825197,
        0.0017754140081997424
      ],
      "anchor_world": [
        0.011506654737443743,
        0.119379637915492,
        0.9114738918266381
      ],
      "vol_a": 0.013293999737426405,
      "vol_b": 0.0018421306415238913,
      "overlap_volume_est": 0.0002527532764981511,
      "overlap_frac_small": 0.13720703125,
      "aabb_aligned_a": true,
      "aabb_aligned_b": true,
      "relation_type": "point"
    },
    {
      "a": "storage_0",
      "b": "wheel_1",
      "distance": 0.0,
      "anchor_local": [
        0.15629532926350237,
        0.0652622339125411,
        0.003999520954643142
      ],
      "anchor_world": [
        -0.007478181995055161,
        0.05041048536072009,
        1.16800522490407
      ],
      "vol_a": 0.013293999737426405,
      "vol_b": 0.0025208281600318763,
      "overlap_volume_est": 0.002023555417525588,
      "overlap_frac_small": 0.802734375,
      "aabb_aligned_a": true,
      "aabb_aligned_b": true,
      "relation_type": "volume"
    },
    {
      "a": "unknown_0",
      "b": "unknown_1",
      "distance": 0.0,
      "anchor_local": [
        0.16097882735231336,
        0.08460362749989593,
        -0.0009595207143522459
      ],
      "anchor_world": [
        -0.002302430620559808,
        0.06839955074756388,
        1.1763850744696032
      ],
      "vol_a": 0.004670191507788005,
      "vol_b": 0.0003944478901158517,
      "overlap_volume_est": 0.0,
      "overlap_frac_small": 0.0,
      "aabb_aligned_a": true,
      "aabb_aligned_b": false,
      "relation_type": "point"
    },
    {
      "a": "unknown_0",
      "b": "wheel_0",
      "distance": 0.0,
      "anchor_local": [
        -0.12768597193819964,
        0.12367247754911734,
        0.0017754140081997424
      ],
      "anchor_world": [
        0.013611009799276989,
        0.15871880240967606,
        0.8998883901228688
      ],
      "vol_a": 0.004670191507788005,
      "vol_b": 0.0018421306415238913,
      "overlap_volume_est": 0.0008302180576789803,
      "overlap_frac_small": 0.45068359375,
      "aabb_aligned_a": true,
      "aabb_aligned_b": true,
      "relation_type": "volume"
    },
    {
      "a": "unknown_0",
      "b": "wheel_1",
      "distance": 0.0,
      "anchor_local": [
        0.122747196000981,
        0.10425625312649639,
        0.002456455885599139
      ],
      "anchor_world": [
        -0.002857535915178967,
        0.09470803180638274,
        1.1422221134090547
      ],
      "vol_a": 0.004670191507788005,
      "vol_b": 0.0025208281600318763,
      "overlap_volume_est": 0.0008776125381360976,
      "overlap_frac_small": 0.34814453125,
      "aabb_aligned_a": true,
      "aabb_aligned_b": true,
      "relation_type": "volume"
    },
    {
      "a": "unknown_1",
      "b": "wheel_1",
      "distance": 0.0,
      "anchor_local": [
        0.19452696061483474,
        0.06270200591920011,
        -0.0009595207143522459
      ],
      "anchor_world": [
        -0.004929784854568529,
        0.040847584187685804,
        1.205353064073238
      ],
      "vol_a": 0.0003944478901158517,
      "vol_b": 0.0025208281600318763,
      "overlap_volume_est": 0.0002526931796054675,
      "overlap_frac_small": 0.640625,
      "aabb_aligned_a": false,
      "aabb_aligned_b": true,
      "relation_type": "volume"
    }
  ],
  "nodes": {
    "fender_0": {
      "label_id": 0,
      "n_points": 15251,
      "obb": {
        "center": [
          0.016097667373130935,
          0.02701517342615308,
          0.831182245547835
        ],
        "axes": [
          [
            -0.06098909460403397,
            0.02654068140709782,
            -0.9977855093003843
          ],
          [
            -0.17948393559861875,
            0.9830603405599416,
            0.03711985560589333
          ],
          [
            0.981868548840124,
            0.1813503764777411,
            -0.05519233415946913
          ]
        ],
        "extents": [
          0.08054517004204076,
          0.12207498099197317,
          0.06367992195301402
        ]
      }
    },
    "handlebar_0": {
      "label_id": 1,
      "n_points": 4677,
      "obb": {
        "center": [
          0.019591964699143996,
          -0.08490031090390379,
          0.8412350687084782
        ],
        "axes": [
          [
            -0.06098909460403397,
            0.02654068140709782,
            -0.9977855093003843
          ],
          [
            -0.17948393559861875,
            0.9830603405599416,
            0.03711985560589333
          ],
          [
            0.981868548840124,
            0.1813503764777411,
            -0.05519233415946913
          ]
        ],
        "extents": [
          0.05865058306660319,
          0.03302878005875394,
          0.15337745607233047
        ]
      }
    },
    "headlight_0": {
      "label_id": 2,
      "n_points": 3541,
      "obb": {
        "center": [
          0.010228454549159025,
          -0.0739385377523323,
          0.8180063220903462
        ],
        "axes": [
          [
            -0.06098909460403397,
            0.02654068140709782,
            -0.9977855093003843
          ],
          [
            -0.17948393559861875,
            0.9830603405599416,
            0.03711985560589333
          ],
          [
            0.981868548840124,
            0.1813503764777411,
            -0.05519233415946913
          ]
        ],
        "extents": [
          0.049883594523900225,
          0.03903992163474103,
          0.05190438461291187
        ]
      }
    },
    "seat_0": {
      "label_id": 3,
      "n_points": 3484,
      "obb": {
        "center": [
          -0.007431804599893564,
          -0.10229838478748275,
          1.0456253140684164
        ],
        "axes": [
          [
            -0.021613215166779783,
            0.9997530602063305,
            -0.005165998280271338
          ],
          [
            -0.33744439961498596,
            -0.002430885879438627,
            0.9413423224110997
          ],
          [
            0.9410973095799585,
            0.022088671347965442,
            0.33741361042412826
          ]
        ],
        "extents": [
          0.11644068565224171,
          0.05170045042677439,
          0.011917515750731654
        ]
      }
    },
    "storage_0": {
      "label_id": 4,
      "n_points": 26705,
      "obb": {
        "center": [
          -0.0067253551177475284,
          -0.0009096616520874404,
          1.064339445090582
        ],
        "axes": [
          [
            -0.06098909460403397,
            0.02654068140709782,
            -0.9977855093003843
          ],
          [
            -0.17948393559861875,
            0.9830603405599416,
            0.03711985560589333
          ],
          [
            0.981868548840124,
            0.1813503764777411,
            -0.05519233415946913
          ]
        ],
        "extents": [
          0.19313631279159785,
          0.11973776520117452,
          0.07185725035900795
        ]
      }
    },
    "wheel_0": {
      "label_id": 5,
      "n_points": 8325,
      "obb": {
        "center": [
          0.01589848454546257,
          0.16091127387667228,
          0.8600092119022104
        ],
        "axes": [
          [
            -0.06098909460403397,
            0.02654068140709782,
            -0.9977855093003843
          ],
          [
            -0.17948393559861875,
            0.9830603405599416,
            0.03711985560589333
          ],
          [
            0.981868548840124,
            0.1813503764777411,
            -0.05519233415946913
          ]
        ],
        "extents": [
          0.07859414896174322,
          0.060335988340606564,
          0.04855833565101317
        ]
      }
    },
    "wheel_1": {
      "label_id": 6,
      "n_points": 7895,
      "obb": {
        "center": [
          -0.007154510347569251,
          0.062399203929264534,
          1.1702168476663644
        ],
        "axes": [
          [
            -0.06098909460403397,
            0.02654068140709782,
            -0.9977855093003843
          ],
          [
            -0.17948393559861875,
            0.9830603405599416,
            0.03711985560589333
          ],
          [
            0.981868548840124,
            0.1813503764777411,
            -0.05519233415946913
          ]
        ],
        "extents": [
          0.08994249251806022,
          0.06270241918796421,
          0.05587326350489846
        ]
      }
    },
    "unknown_0": {
      "label_id": 7,
      "n_points": 3063,
      "obb": {
        "center": [
          0.011104640350026205,
          0.13479314892480557,
          1.0317941582133787
        ],
        "axes": [
          [
            -0.06098909460403397,
            0.02654068140709782,
            -0.9977855093003843
          ],
          [
            -0.17948393559861875,
            0.9830603405599416,
            0.03711985560589333
          ],
          [
            0.981868548840124,
            0.1813503764777411,
            -0.05519233415946913
          ]
        ],
        "extents": [
          0.17286627044336222,
          0.05565420612894827,
          0.060678725228486136
        ]
      }
    },
    "unknown_1": {
      "label_id": 8,
      "n_points": 4904,
      "obb": {
        "center": [
          -0.007285132214660683,
          0.03391606607554128,
          1.2432719987529985
        ],
        "axes": [
          [
            0.05643579432373615,
            0.9977369678982433,
            0.03655056782416543
          ],
          [
            0.9773150734468065,
            -0.047721552705271765,
            -0.20634413154015666
          ],
          [
            -0.2041329182976436,
            0.04736661584510695,
            -0.9777965817953497
          ]
        ],
        "extents": [
          0.0903300171877186,
          0.038152698773620125,
          0.014306793009736515
        ]
      }
    }
  },
  "containment": []
}