{
  "source_ply": "/home/yli581/Desktop/sketch_lib/controlNet_process/sketch/clusters/labeled_clusters.ply",
  "source_cluster_ids": "/home/yli581/Desktop/sketch_lib/controlNet_process/sketch/clusters/final_cluster_ids.npy",
  "neighbor_dist_thresh": 0.02,
  "distance_mode": "aabb_min_distance_approx",
  "primitives": [
    {
      "cluster_id": 0,
      "label": "fender_0_0",
      "members": [
        0,
        4,
        9,
        12,
        14,
        20,
        23,
        25,
        27,
        28
      ],
      "parameters": {
        "center": [
          0.027021389454603195,
          0.01683482527732849,
          0.8858399987220764
        ],
        "extent": [
          0.26274073868989944,
          0.12010353803634644,
          0.13398873805999756
        ],
        "rotation": [
          [
            0.04390242140364989,
            0.18328227519510973,
            0.9820795207080741
          ],
          [
            -0.968084587211956,
            0.2505993610810754,
            -0.0034917371627402813
          ],
          [
            -0.24674847395182223,
            -0.9505827516976421,
            0.18843466447919272
          ]
        ],
        "aabb_min_before_opt": [
          -0.11200737204772535,
          -0.1269861184613845,
          0.7569772186796416
        ],
        "aabb_max_before_opt": [
          0.1584779184039318,
          0.15448559084648025,
          1.0402171545100833
        ],
        "aabb_min": [
          -0.10434897989034653,
          -0.04321694374084473,
          0.8188456296920776
        ],
        "aabb_max": [
          0.15839175879955292,
          0.07688659429550171,
          0.9528343677520752
        ],
        "center_before_opt": [
          0.02323527317810322,
          0.013749736192547882,
          0.8985971865948625
        ],
        "extent_before_opt": [
          0.27048529045165715,
          0.28147170930786475,
          0.28323993583044177
        ]
      },
      "point_count": 16767
    },
    {
      "cluster_id": 2,
      "label": "wheel_0_0",
      "members": [
        2,
        7,
        8,
        13,
        24
      ],
      "parameters": {
        "center": [
          0.003168851137161255,
          0.129072904586792,
          0.9497437477111816
        ],
        "extent": [
          0.3575764298439026,
          0.1157456636428833,
          0.10049760341644287
        ],
        "rotation": [
          [
            0.1664689721196665,
            0.1521278892944554,
            0.9742408257819192
          ],
          [
            0.35682350032066357,
            0.9117720222694379,
            -0.20334396727124487
          ],
          [
            -0.9192198164423628,
            0.3814824828291774,
            0.09749894540022101
          ]
        ],
        "aabb_min_before_opt": [
          -0.17980478772913397,
          0.011775862192435052,
          0.8979400843073501
        ],
        "aabb_max_before_opt": [
          0.1861424837664379,
          0.1945999250734387,
          1.0009937253305325
        ],
        "aabb_min": [
          -0.17561936378479004,
          0.07120007276535034,
          0.8994949460029602
        ],
        "aabb_max": [
          0.18195706605911255,
          0.18694573640823364,
          0.9999925494194031
        ],
        "center_before_opt": [
          0.003168848018651962,
          0.10318789363293689,
          0.9494669048189412
        ],
        "extent_before_opt": [
          0.3659472714955719,
          0.18282406288100367,
          0.10305364102318239
        ]
      },
      "point_count": 11722
    },
    {
      "cluster_id": 4,
      "label": "seat_0_0",
      "members": [
        3,
        6,
        11,
        26
      ],
      "parameters": {
        "center": [
          -0.014389034360647202,
          -0.09799562767148018,
          1.0734610557556152
        ],
        "extent": [
          0.25993648916482925,
          0.09490545839071274,
          0.09823775291442871
        ],
        "rotation": [
          [
            0.19301501751904906,
            -0.9804062191318311,
            0.039355412585173145
          ],
          [
            0.36893208899645213,
            0.1096820726280949,
            0.9229620559116822
          ],
          [
            -0.9091943228599897,
            -0.16362606281284559,
            0.3828736016592572
          ]
        ],
        "aabb_min_before_opt": [
          -0.1477454050786207,
          -0.14697810718591792,
          1.023455886783881
        ],
        "aabb_max_before_opt": [
          0.1179032518651745,
          -0.0033275759285876644,
          1.1234662769161352
        ],
        "aabb_min": [
          -0.14435727894306183,
          -0.14544835686683655,
          1.0243421792984009
        ],
        "aabb_max": [
          0.11557921022176743,
          -0.05054289847612381,
          1.1225799322128296
        ],
        "center_before_opt": [
          -0.014921076606723096,
          -0.0751528415572528,
          1.073461081850008
        ],
        "extent_before_opt": [
          0.2656486569437952,
          0.14365053125733027,
          0.10001039013225428
        ]
      },
      "point_count": 8696
    },
    {
      "cluster_id": 5,
      "label": "wheel_1_0",
      "members": [
        5,
        19,
        22
      ],
      "parameters": {
        "center": [
          -0.00811767578125,
          0.06529080122709274,
          1.185689926147461
        ],
        "extent": [
          0.20658773183822632,
          0.13566653430461884,
          0.09178757667541504
        ],
        "rotation": [
          [
            0.3130354346362053,
            -0.7809806698921784,
            -0.5404424205379204
          ],
          [
            0.6260776377428403,
            -0.25820863493420493,
            0.7357683686893312
          ],
          [
            -0.7141677731321031,
            -0.5686804850706404,
            0.4081260806654659
          ]
        ],
        "aabb_min_before_opt": [
          -0.11619948752566815,
          -0.005562151824518066,
          1.1145542023547947
        ],
        "aabb_max_before_opt": [
          0.09996413492235227,
          0.13633780428826242,
          1.236271803241555
        ],
        "aabb_min": [
          -0.11141154170036316,
          -0.002542465925216675,
          1.1397961378097534
        ],
        "aabb_max": [
          0.09517619013786316,
          0.13312406837940216,
          1.2315837144851685
        ],
        "center_before_opt": [
          -0.008117676301657935,
          0.06538782623187218,
          1.1754130027981748
        ],
        "extent_before_opt": [
          0.21616362244802043,
          0.1418999561127805,
          0.1217176008867604
        ]
      },
      "point_count": 8651
    },
    {
      "cluster_id": 6,
      "label": "handlebar_0_0",
      "members": [
        10,
        15,
        21,
        29
      ],
      "parameters": {
        "center": [
          0.04565368965268135,
          -0.13040023669600487,
          0.8315885066986084
        ],
        "extent": [
          0.23693522065877914,
          0.0368431881070137,
          0.05274462699890137
        ],
        "rotation": [
          [
            0.9939858636520815,
            -0.10926688626610884,
            0.007269829814702505
          ],
          [
            -0.03273277602440798,
            -0.3598042909968985,
            -0.9324534506097101
          ],
          [
            0.10450200109835904,
            0.9266075867085961,
            -0.36121698744731
          ]
        ],
        "aabb_min_before_opt": [
          -0.13380166578526909,
          -0.14955217465863296,
          0.8033322956700657
        ],
        "aabb_max_before_opt": [
          0.1645403279022839,
          -0.04099649737075748,
          0.8597528635241423
        ],
        "aabb_min": [
          -0.07281392067670822,
          -0.14882183074951172,
          0.8052161931991577
        ],
        "aabb_max": [
          0.16412129998207092,
          -0.11197864264249802,
          0.8579608201980591
        ],
        "center_before_opt": [
          0.015369331058507421,
          -0.09527433601469522,
          0.831542579597104
        ],
        "extent_before_opt": [
          0.298341993687553,
          0.10855567728787548,
          0.05642056785407666
        ]
      },
      "point_count": 4018
    },
    {
      "cluster_id": 7,
      "label": "headlight_0_0",
      "members": [
        16,
        30
      ],
      "parameters": {
        "center": [
          0.035450100898742676,
          -0.08510833978652954,
          0.7897610068321228
        ],
        "extent": [
          0.06592223048210144,
          0.07377268373966217,
          0.0418318510055542
        ],
        "rotation": [
          [
            0.882368015484808,
            -0.07480718777327783,
            0.46457568802817817
          ],
          [
            0.3151750833188215,
            -0.6391557685815835,
            -0.7015301635310197
          ],
          [
            0.34941572961785144,
            0.7654304593797786,
            -0.5403932454697095
          ]
        ],
        "aabb_min_before_opt": [
          -0.032480570147484344,
          -0.1221750982910636,
          0.7680716459948749
        ],
        "aabb_max_before_opt": [
          0.06894706121248653,
          -0.04737713887348572,
          0.8376378888813796
        ],
        "aabb_min": [
          0.0024889856576919556,
          -0.12199468165636063,
          0.7688450813293457
        ],
        "aabb_max": [
          0.0684112161397934,
          -0.048221997916698456,
          0.8106769323348999
        ],
        "center_before_opt": [
          0.018233245532501097,
          -0.08477611858227466,
          0.8028547674381272
        ],
        "extent_before_opt": [
          0.10142763135997088,
          0.07479795941757787,
          0.0695662428865047
        ]
      },
      "point_count": 1180
    },
    {
      "cluster_id": 8,
      "label": "unknown_0_0",
      "members": [
        31
      ],
      "parameters": {
        "center": [
          0.0007877349853515625,
          0.08006761968135834,
          1.0690182447433472
        ],
        "extent": [
          0.39429041743278503,
          0.14952200651168823,
          0.14361786842346191
        ],
        "rotation": [
          [
            -0.012275472946242854,
            -0.09959847079642707,
            -0.9949519874742496
          ],
          [
            -0.35119824528629595,
            0.9320644279438146,
            -0.08897018978060152
          ],
          [
            0.9362206498853638,
            0.3483332409873952,
            -0.0464203398462832
          ]
        ],
        "aabb_min_before_opt": [
          -0.19878621732286025,
          -0.10614519741124193,
          0.9908070768291299
        ],
        "aabb_max_before_opt": [
          0.200361694634097,
          0.15932467371096729,
          1.1498472857219082
        ],
        "aabb_min": [
          -0.19635747373104095,
          0.005306616425514221,
          0.9972093105316162
        ],
        "aabb_max": [
          0.19793294370174408,
          0.15482862293720245,
          1.1408271789550781
        ],
        "center_before_opt": [
          0.0007877386556183787,
          0.026589738149862686,
          1.070327181275519
        ],
        "extent_before_opt": [
          0.39914791195695726,
          0.2654698711222092,
          0.15904020889277815
        ]
      },
      "point_count": 20182
    },
    {
      "cluster_id": 9,
      "label": "unknown_1_0",
      "members": [
        32
      ],
      "parameters": {
        "center": [
          0.1273413896560669,
          -0.09349115937948227,
          0.85575270652771
        ],
        "extent": [
          0.09823054075241089,
          0.030547112226486206,
          0.02899646759033203
        ],
        "rotation": [
          [
            0.8389884827482174,
            0.2931236378763781,
            0.45845049758284956
          ],
          [
            -0.0873213659799426,
            -0.7590644889053677,
            0.6451326070865044
          ],
          [
            0.5370971093380054,
            -0.581291350874027,
            -0.6112504073943902
          ]
        ],
        "aabb_min_before_opt": [
          0.07279738442851498,
          -0.11058434824172125,
          0.8391950878865787
        ],
        "aabb_max_before_opt": [
          0.17657982262923028,
          -0.07820398341934509,
          0.8702685208222968
        ],
        "aabb_min": [
          0.07822611927986145,
          -0.10876471549272537,
          0.841254472732544
        ],
        "aabb_max": [
          0.17645666003227234,
          -0.07821760326623917,
          0.870250940322876
        ],
        "center_before_opt": [
          0.12468860352887262,
          -0.09439416583053317,
          0.8547318043544377
        ],
        "extent_before_opt": [
          0.10378243820071528,
          0.03238036482237616,
          0.031073432935718123
        ]
      },
      "point_count": 230
    },
    {
      "cluster_id": 10,
      "label": "unknown_2_0",
      "members": [
        33
      ],
      "parameters": {
        "center": [
          -0.05630776472389698,
          -0.02262951247394085,
          1.0793062448501587
        ],
        "extent": [
          0.13384690508246422,
          0.058296117931604385,
          0.022550344467163086
        ],
        "rotation": [
          [
            0.0024025287819126597,
            -0.04058274354717876,
            -0.9991732926683119
          ],
          [
            0.3849741392090841,
            -0.9221290320620626,
            0.03837916581308649
          ],
          [
            -0.9229242330742414,
            -0.3847480853161813,
            0.013407865223651788
          ]
        ],
        "aabb_min_before_opt": [
          -0.1258607566055336,
          -0.06930363043007545,
          1.0674432376209693
        ],
        "aabb_max_before_opt": [
          0.014495325667241675,
          0.008929444971488926,
          1.0911692053875608
        ],
        "aabb_min": [
          -0.12323121726512909,
          -0.05177757143974304,
          1.0680310726165771
        ],
        "aabb_max": [
          0.010615687817335129,
          0.006518546491861343,
          1.0905814170837402
        ],
        "center_before_opt": [
          -0.05568271546914597,
          -0.030187092729293263,
          1.079306221504265
        ],
        "extent_before_opt": [
          0.1403560822727753,
          0.07823307540156438,
          0.02372596776659136
        ]
      },
      "point_count": 976
    },
    {
      "cluster_id": 11,
      "label": "unknown_3_0",
      "members": [
        34
      ],
      "parameters": {
        "center": [
          0.04079929739236832,
          0.06829353235661983,
          0.8103741407394409
        ],
        "extent": [
          0.06869767606258392,
          0.03590445592999458,
          0.01835048198699951
        ],
        "rotation": [
          [
            0.807433719115399,
            -0.4826700813012755,
            -0.3392349950286603
          ],
          [
            0.21774211553231423,
            0.7782307802333647,
            -0.5890205631562285
          ],
          [
            0.5483057179703559,
            0.40172931846454574,
            0.7334673778205981
          ]
        ],
        "aabb_min_before_opt": [
          0.004257702648772468,
          0.04799431833746819,
          0.80119765073397
        ],
        "aabb_max_before_opt": [
          0.07734089483623348,
          0.08624741596698376,
          0.8216389190759785
        ],
        "aabb_min": [
          0.006450459361076355,
          0.05034130439162254,
          0.8011988997459412
        ],
        "aabb_max": [
          0.07514813542366028,
          0.08624576032161713,
          0.8195493817329407
        ],
        "center_before_opt": [
          0.040799298742502974,
          0.06712086715222598,
          0.8114182849049743
        ],
        "extent_before_opt": [
          0.07308319218746101,
          0.03825309762951558,
          0.020441268342008507
        ]
      },
      "point_count": 378
    },
    {
      "cluster_id": 12,
      "label": "unknown_4_0",
      "members": [
        35
      ],
      "parameters": {
        "center": [
          0.04456047713756561,
          -0.07748874835669994,
          0.8285609483718872
        ],
        "extent": [
          0.08190183341503143,
          0.07215816155076027,
          0.03804051876068115
        ],
        "rotation": [
          [
            0.8878422202646546,
            0.2967731871165763,
            -0.3516558933448974
          ],
          [
            -0.14246090301796863,
            -0.5493947245939091,
            -0.8233288089819811
          ],
          [
            -0.43753980736252235,
            0.7810832938919205,
            -0.44549725585699673
          ]
        ],
        "aabb_min_before_opt": [
          -0.011280230901825096,
          -0.1215457678320796,
          0.792802897955156
        ],
        "aabb_max_before_opt": [
          0.08672805237082962,
          -0.039924164247143006,
          0.8479584553254316
        ],
        "aabb_min": [
          0.0036095604300498962,
          -0.11356782913208008,
          0.8095406889915466
        ],
        "aabb_max": [
          0.08551139384508133,
          -0.04140966758131981,
          0.8475812077522278
        ],
        "center_before_opt": [
          0.03772391073450226,
          -0.0807349660396113,
          0.8203806766402938
        ],
        "extent_before_opt": [
          0.0980082832726547,
          0.0816216035849366,
          0.05515555737027557
        ]
      },
      "point_count": 142
    },
    {
      "cluster_id": 13,
      "label": "unknown_5_0",
      "members": [
        36
      ],
      "parameters": {
        "center": [
          -0.10520898923277855,
          -0.08737818524241447,
          0.8379908800125122
        ],
        "extent": [
          0.0795607641339302,
          0.09418848901987076,
          0.03853404521942139
        ],
        "rotation": [
          [
            0.39909382228356977,
            -0.901949397507867,
            0.1649587989477559
          ],
          [
            0.020776788402219474,
            -0.17096534439016098,
            -0.9850579556966398
          ],
          [
            0.9166746675232058,
            0.3965578587706332,
            -0.04949160098916591
          ]
        ],
        "aabb_min_before_opt": [
          -0.145189426338673,
          -0.1393422727366877,
          0.8171998239811372
        ],
        "aabb_max_before_opt": [
          -0.03631801217829322,
          -0.04023662822012454,
          0.85727523877629
        ],
        "aabb_min": [
          -0.14498937129974365,
          -0.13447242975234985,
          0.8187238574028015
        ],
        "aabb_max": [
          -0.06542860716581345,
          -0.040283940732479095,
          0.8572579026222229
        ],
        "center_before_opt": [
          -0.0907537192584831,
          -0.08978945047840613,
          0.8372375313787136
        ],
        "extent_before_opt": [
          0.10887141416037978,
          0.09910564451656317,
          0.04007541479515285
        ]
      },
      "point_count": 757
    },
    {
      "cluster_id": 14,
      "label": "unknown_6_0",
      "members": [
        37
      ],
      "parameters": {
        "center": [
          -0.00731564499437809,
          -0.03592449612915516,
          0.9864208400249481
        ],
        "extent": [
          0.13295016810297966,
          0.09314846619963646,
          0.07221919298171997
        ],
        "rotation": [
          [
            0.9546680917406447,
            -0.011121437917035114,
            -0.2974645327277414
          ],
          [
            -0.07844331707789598,
            0.9545805632354455,
            -0.28744146238654655
          ],
          [
            0.28715062357252974,
            0.2977452970438951,
            0.9104352022358044
          ]
        ],
        "aabb_min_before_opt": [
          -0.07417149991908753,
          -0.08311225934327324,
          0.9343162061712279
        ],
        "aabb_max_before_opt": [
          0.0638893700906771,
          0.01856645137745816,
          1.0284542984221363
        ],
        "aabb_min": [
          -0.07379072904586792,
          -0.08249872922897339,
          0.9503112435340881
        ],
        "aabb_max": [
          0.05915943905711174,
          0.01064973697066307,
          1.022530436515808
        ],
        "center_before_opt": [
          -0.005141064914205216,
          -0.03227290398290754,
          0.9813852522966822
        ],
        "extent_before_opt": [
          0.13806087000976464,
          0.1016787107207314,
          0.09413809225090851
        ]
      },
      "point_count": 585
    },
    {
      "cluster_id": 15,
      "label": "unknown_7_0",
      "members": [
        38
      ],
      "parameters": {
        "center": [
          -0.015099631622433662,
          -0.08344551734626293,
          0.8148643374443054
        ],
        "extent": [
          0.040851008147001266,
          0.062357936054468155,
          0.05779004096984863
        ],
        "rotation": [
          [
            -0.49533740103814883,
            -0.4160304939607445,
            0.7626004768078438
          ],
          [
            -0.10929832477007026,
            -0.8410403269389666,
            -0.529816047949524
          ],
          [
            0.8617973864750509,
            -0.34578865880357484,
            0.37112729367104846
          ]
        ],
        "aabb_min_before_opt": [
          -0.036144459355862225,
          -0.12013879074163977,
          0.7841163188688314
        ],
        "aabb_max_before_opt": [
          0.05246478047419858,
          -0.05202577337498274,
          0.8450116446406413
        ],
        "aabb_min": [
          -0.035525135695934296,
          -0.11462448537349701,
          0.7859693169593811
        ],
        "aabb_max": [
          0.005325872451066971,
          -0.052266549319028854,
          0.8437593579292297
        ],
        "center_before_opt": [
          0.008160160559168175,
          -0.08608228205831125,
          0.8145639817547363
        ],
        "extent_before_opt": [
          0.0886092398300608,
          0.06811301736665704,
          0.06089532577180984
        ]
      },
      "point_count": 347
    }
  ],
  "optimization": {
    "method": "no_overlapping_shrink_only_size_max_mid_half",
    "never_expand": true,
    "params": {
      "steps": 1200,
      "lr": 0.01,
      "overlap_tol_ratio": 0.02,
      "overlap_scale_ratio": 0.01,
      "r_min": 0.7,
      "extent_floor": 0.001,
      "min_points": 10,
      "device": "cuda"
    },
    "weights": {
      "w_overlap": 1.0,
      "w_cut": 50.0,
      "w_size": 2.0,
      "w_floor": 10.0
    },
    "note": "Uses mid/half parameterization to guarantee non-negative extents and ordered mins/maxs."
  }
}