{
  "fender_0": {
    "label_id": 0,
    "n_points": 15251,
    "obb_pca": {
      "center": [
        0.016097667373130935,
        0.02701517342615308,
        0.831182245547835
      ],
      "axes": [
        [
          -0.06098909460403397,
          0.02654068140709782,
          -0.9977855093003843
        ],
        [
          -0.17948393559861875,
          0.9830603405599416,
          0.03711985560589333
        ],
        [
          0.981868548840124,
          0.1813503764777411,
          -0.05519233415946913
        ]
      ],
      "extents": [
        0.08054517004204076,
        0.12207498099197317,
        0.06367992195301402
      ]
    },
    "debug_bbox_choice": {
      "method_chosen": "object_aabb",
      "base_volume": 0.005009088184693209,
      "tight_volume": 0.006446999927901232,
      "volume_improvement_frac": -0.2870605767337056,
      "debug_object_aabb": {
        "min": [
          -0.25220451778196523,
          -0.14026900540295845,
          -0.06548242603904425
        ],
        "max": [
          -0.0911141776978837,
          0.1038809565809879,
          0.06187741786698379
        ]
      }
    }
  },
  "handlebar_0": {
    "label_id": 1,
    "n_points": 4677,
    "obb_pca": {
      "center": [
        0.019591964699143996,
        -0.08490031090390379,
        0.8412350687084782
      ],
      "axes": [
        [
          -0.06098909460403397,
          0.02654068140709782,
          -0.9977855093003843
        ],
        [
          -0.17948393559861875,
          0.9830603405599416,
          0.03711985560589333
        ],
        [
          0.981868548840124,
          0.1813503764777411,
          -0.05519233415946913
        ]
      ],
      "extents": [
        0.05865058306660319,
        0.03302878005875394,
        0.15337745607233047
      ]
    },
    "debug_bbox_choice": {
      "method_chosen": "object_aabb",
      "base_volume": 0.002376929957122635,
      "tight_volume": 0.002353521973884006,
      "volume_improvement_frac": 0.009847990332439271,
      "debug_object_aabb": {
        "min": [
          -0.2005654623662472,
          -0.1593266543122576,
          -0.1633756447889672
        ],
        "max": [
          -0.08326429623304082,
          -0.09326909419474971,
          0.14337926735569373
        ]
      }
    }
  },
  "headlight_0": {
    "label_id": 2,
    "n_points": 3541,
    "obb_pca": {
      "center": [
        0.010228454549159025,
        -0.0739385377523323,
        0.8180063220903462
      ],
      "axes": [
        [
          -0.06098909460403397,
          0.02654068140709782,
          -0.9977855093003843
        ],
        [
          -0.17948393559861875,
          0.9830603405599416,
          0.03711985560589333
        ],
        [
          0.981868548840124,
          0.1813503764777411,
          -0.05519233415946913
        ]
      ],
      "extents": [
        0.049883594523900225,
        0.03903992163474103,
        0.05190438461291187
      ]
    },
    "debug_bbox_choice": {
      "method_chosen": "object_aabb",
      "base_volume": 0.0008086502236413869,
      "tight_volume": 0.000926967576342044,
      "volume_improvement_frac": -0.14631462311092783,
      "debug_object_aabb": {
        "min": [
          -0.2160024397368845,
          -0.15902276732476714,
          -0.05087085040368207
        ],
        "max": [
          -0.11623525068908404,
          -0.08094292405528508,
          0.05293791882214167
        ]
      }
    }
  },
  "seat_0": {
    "label_id": 3,
    "n_points": 3484,
    "obb_pca": {
      "center": [
        -0.007431804599893564,
        -0.10229838478748275,
        1.0456253140684164
      ],
      "axes": [
        [
          -0.021613215166779783,
          0.9997530602063305,
          -0.005165998280271338
        ],
        [
          -0.33744439961498596,
          -0.002430885879438627,
          0.9413423224110997
        ],
        [
          0.9410973095799585,
          0.022088671347965442,
          0.33741361042412826
        ]
      ],
      "extents": [
        0.11644068565224171,
        0.05170045042677439,
        0.011917515750731654
      ]
    },
    "debug_bbox_choice": {
      "method_chosen": "tight_obb",
      "base_volume": 0.0011970185065562156,
      "tight_volume": 0.000573950980905693,
      "volume_improvement_frac": 0.520516201076179,
      "debug_object_aabb": {
        "min": [
          -0.050631857311461706,
          -0.12907249947995064,
          -0.04747052726580117
        ],
        "max": [
          0.17991254935082018,
          -0.07924401143739988,
          0.0567296758045146
        ]
      }
    }
  },
  "storage_0": {
    "label_id": 4,
    "n_points": 26705,
    "obb_pca": {
      "center": [
        -0.0067253551177475284,
        -0.0009096616520874404,
        1.064339445090582
      ],
      "axes": [
        [
          -0.06098909460403397,
          0.02654068140709782,
          -0.9977855093003843
        ],
        [
          -0.17948393559861875,
          0.9830603405599416,
          0.03711985560589333
        ],
        [
          0.981868548840124,
          0.1813503764777411,
          -0.05519233415946913
        ]
      ],
      "extents": [
        0.19313631279159785,
        0.11973776520117452,
        0.07185725035900795
      ]
    },
    "debug_bbox_choice": {
      "method_chosen": "object_aabb",
      "base_volume": 0.013293999737426405,
      "tight_volume": 0.018076743596236296,
      "volume_improvement_frac": -0.3597671094685748,
      "debug_object_aabb": {
        "min": [
          -0.1294619245862268,
          -0.12370618014735957,
          -0.06479232923997488
        ],
        "max": [
          0.2568107009969689,
          0.11576935025498947,
          0.07892217147804101
        ]
      }
    }
  },
  "wheel_0": {
    "label_id": 5,
    "n_points": 8325,
    "obb_pca": {
      "center": [
        0.01589848454546257,
        0.16091127387667228,
        0.8600092119022104
      ],
      "axes": [
        [
          -0.06098909460403397,
          0.02654068140709782,
          -0.9977855093003843
        ],
        [
          -0.17948393559861875,
          0.9830603405599416,
          0.03711985560589333
        ],
        [
          0.981868548840124,
          0.1813503764777411,
          -0.05519233415946913
        ]
      ],
      "extents": [
        0.07859414896174322,
        0.060335988340606564,
        0.04855833565101317
      ]
    },
    "debug_bbox_choice": {
      "method_chosen": "object_aabb",
      "base_volume": 0.0018421306415238913,
      "tight_volume": 0.0021392139826416083,
      "volume_improvement_frac": -0.1612715919387545,
      "debug_object_aabb": {
        "min": [
          -0.2459692561696811,
          0.058320428110049956,
          -0.046782921642813426
        ],
        "max": [
          -0.08878095824619467,
          0.17899240479126308,
          0.05033374965921291
        ]
      }
    }
  },
  "wheel_1": {
    "label_id": 6,
    "n_points": 7895,
    "obb_pca": {
      "center": [
        -0.007154510347569251,
        0.062399203929264534,
        1.1702168476663644
      ],
      "axes": [
        [
          -0.06098909460403397,
          0.02654068140709782,
          -0.9977855093003843
        ],
        [
          -0.17948393559861875,
          0.9830603405599416,
          0.03711985560589333
        ],
        [
          0.981868548840124,
          0.1813503764777411,
          -0.05519233415946913
        ]
      ],
      "extents": [
        0.08994249251806022,
        0.06270241918796421,
        0.05587326350489846
      ]
    },
    "debug_bbox_choice": {
      "method_chosen": "object_aabb",
      "base_volume": 0.0025208281600318763,
      "tight_volume": 0.003413543109477532,
      "volume_improvement_frac": -0.35413558274212825,
      "debug_object_aabb": {
        "min": [
          0.06635283674544225,
          0.014755117570092752,
          -0.05187374255025533
        ],
        "max": [
          0.24623782178156267,
          0.14015995594602118,
          0.0598727844595416
        ]
      }
    }
  },
  "unknown_0": {
    "label_id": 7,
    "n_points": 3063,
    "obb_pca": {
      "center": [
        0.011104640350026205,
        0.13479314892480557,
        1.0317941582133787
      ],
      "axes": [
        [
          -0.06098909460403397,
          0.02654068140709782,
          -0.9977855093003843
        ],
        [
          -0.17948393559861875,
          0.9830603405599416,
          0.03711985560589333
        ],
        [
          0.981868548840124,
          0.1813503764777411,
          -0.05519233415946913
        ]
      ],
      "extents": [
        0.17286627044336222,
        0.05565420612894827,
        0.060678725228486136
      ]
    },
    "debug_bbox_choice": {
      "method_chosen": "object_aabb",
      "base_volume": 0.004670191507788005,
      "tight_volume": 0.00607420008739997,
      "volume_improvement_frac": -0.30063190712214743,
      "debug_object_aabb": {
        "min": [
          -0.1665909856302047,
          0.06835255030697161,
          -0.06457079613551867
        ],
        "max": [
          0.17914155525651976,
          0.17966096256486816,
          0.056786654321453606
        ]
      }
    }
  },
  "unknown_1": {
    "label_id": 8,
    "n_points": 4904,
    "obb_pca": {
      "center": [
        -0.007285132214660683,
        0.03391606607554128,
        1.2432719987529985
      ],
      "axes": [
        [
          0.05643579432373615,
          0.9977369678982433,
          0.03655056782416543
        ],
        [
          0.9773150734468065,
          -0.047721552705271765,
          -0.20634413154015666
        ],
        [
          -0.2041329182976436,
          0.04736661584510695,
          -0.9777965817953497
        ]
      ],
      "extents": [
        0.0903300171877186,
        0.038152698773620125,
        0.014306793009736515
      ]
    },
    "debug_bbox_choice": {
      "method_chosen": "tight_obb",
      "base_volume": 0.0009804504063831447,
      "tight_volume": 0.0003944478901158517,
      "volume_improvement_frac": 0.5976870553086316,
      "debug_object_aabb": {
        "min": [
          0.18551148810306228,
          -0.025873303627448406,
          -0.03890340458923063
        ],
        "max": [
          0.26299636573471297,
          0.1405775022905312,
          0.03711570476987424
        ]
      }
    }
  }
}