{
  "heat_dir": "/home/yli581/Desktop/sketch_lib/controlNet_process/sketch/dsl_optimize/optimize_iteration/iter_000/heat_map",
  "out_json": "/home/yli581/Desktop/sketch_lib/controlNet_process/sketch/dsl_optimize/optimize_iteration/iter_000/heat_map/pca_bboxes/pca_bboxes.json",
  "min_heat": 0.5,
  "min_points": 200,
  "labels_count": 11,
  "labels_skipped": [],
  "labels": [
    {
      "label": "fender_0_0",
      "sanitized": "fender_0_0",
      "heat_ply": "/home/yli581/Desktop/sketch_lib/controlNet_process/sketch/dsl_optimize/optimize_iteration/iter_000/heat_map/heatmaps/fender_0_0/heat_map_fender_0_0.ply",
      "min_heat": 0.5,
      "points_used": 16583,
      "obb": {
        "center": [
          0.02176955722824492,
          0.04623226434783654,
          0.8998078497054888
        ],
        "R": [
          [
            -0.07405502631459975,
            0.047951119539587216,
            -0.9961006692159403
          ],
          [
            0.5168015377348628,
            0.8561006867513415,
            0.0027901144712040235
          ],
          [
            0.8528962561017753,
            -0.5145797355889382,
            -0.0881797711994844
          ]
        ],
        "extent": [
          0.33345906160721955,
          0.2645960943207788,
          0.29174343031979133
        ]
      },
      "aabb": {
        "min_bound": [
          -0.12205944955348969,
          -0.10724595934152603,
          0.7725163698196411
        ],
        "max_bound": [
          0.16991712152957916,
          0.13724957406520844,
          1.072860598564148
        ]
      }
    },
    {
      "label": "handlebar_0_0",
      "sanitized": "handlebar_0_0",
      "heat_ply": "/home/yli581/Desktop/sketch_lib/controlNet_process/sketch/dsl_optimize/optimize_iteration/iter_000/heat_map/heatmaps/handlebar_0_0/heat_map_handlebar_0_0.ply",
      "min_heat": 0.5,
      "points_used": 4106,
      "obb": {
        "center": [
          0.016389445128867048,
          -0.0935198572552207,
          0.8285780453771822
        ],
        "R": [
          [
            0.9959919144644641,
            -0.08942708008644491,
            -0.001704015441308316
          ],
          [
            -0.03325130075338551,
            -0.3525152068693716,
            -0.9352151516758335
          ],
          [
            0.0830328689111701,
            0.9315233900837149,
            -0.3540758625031135
          ]
        ],
        "extent": [
          0.2997202138419979,
          0.09994307976694045,
          0.05496435662608675
        ]
      },
      "aabb": {
        "min_bound": [
          -0.1330592781305313,
          -0.11333408951759338,
          0.7804377675056458
        ],
        "max_bound": [
          0.16524173319339752,
          -0.05198030546307564,
          0.8780661821365356
        ]
      }
    },
    {
      "label": "headlight_0_0",
      "sanitized": "headlight_0_0",
      "heat_ply": "/home/yli581/Desktop/sketch_lib/controlNet_process/sketch/dsl_optimize/optimize_iteration/iter_000/heat_map/heatmaps/headlight_0_0/heat_map_headlight_0_0.ply",
      "min_heat": 0.5,
      "points_used": 1002,
      "obb": {
        "center": [
          0.03183004494048025,
          -0.08511478849313435,
          0.7908508118544395
        ],
        "R": [
          [
            0.41631726832104454,
            -0.7178081403847625,
            0.5580603960998063
          ],
          [
            -0.782907162321245,
            -0.5951047693714541,
            -0.18140200841623627
          ],
          [
            0.4623162416396372,
            -0.36138869250257066,
            -0.8097295262292733
          ]
        ],
        "extent": [
          0.07121347665472523,
          0.05793787249689514,
          0.04324400692611265
        ]
      },
      "aabb": {
        "min_bound": [
          0.008589636534452438,
          -0.10744763910770416,
          0.7684091329574585
        ],
        "max_bound": [
          0.06692314893007278,
          -0.05158744007349014,
          0.8195791244506836
        ]
      }
    },
    {
      "label": "seat_0_0",
      "sanitized": "seat_0_0",
      "heat_ply": "/home/yli581/Desktop/sketch_lib/controlNet_process/sketch/dsl_optimize/optimize_iteration/iter_000/heat_map/heatmaps/seat_0_0/heat_map_seat_0_0.ply",
      "min_heat": 0.5,
      "points_used": 8697,
      "obb": {
        "center": [
          -0.011909109010271042,
          -0.07093071916770617,
          1.0676577188755842
        ],
        "R": [
          [
            -0.06812203384897064,
            -0.9976751607706879,
            -0.0019136576135355167
          ],
          [
            -0.37409583045134814,
            0.02732162390864357,
            -0.9269875072005616
          ],
          [
            0.9248846945123463,
            -0.0624323830089546,
            -0.3750873223779062
          ]
        ],
        "extent": [
          0.24510278270544833,
          0.12806120619567568,
          0.09207779491835387
        ]
      },
      "aabb": {
        "min_bound": [
          -0.06840262562036514,
          -0.14312897622585297,
          0.9521931409835815
        ],
        "max_bound": [
          0.05728785693645477,
          -0.007968899793922901,
          1.1766799688339233
        ]
      }
    },
    {
      "label": "unknown",
      "sanitized": "unknown",
      "heat_ply": "/home/yli581/Desktop/sketch_lib/controlNet_process/sketch/dsl_optimize/optimize_iteration/iter_000/heat_map/heatmaps/unknown/heat_map_unknown.ply",
      "min_heat": 0.5,
      "points_used": 424529,
      "obb": {
        "center": [
          -0.02273738322144793,
          -0.06740474022956744,
          0.9913695671811613
        ],
        "R": [
          [
            0.9989414580060743,
            -0.045991901904183376,
            -0.0008416863636441438
          ],
          [
            -0.015131561192696086,
            -0.3112672270877112,
            -0.9502019517960375
          ],
          [
            0.04343960557567788,
            0.9492088591560676,
            -0.3116336669345377
          ]
        ],
        "extent": [
          1.73497081375355,
          1.9260275106154423,
          0.5462514923945316
        ]
      },
      "aabb": {
        "min_bound": [
          -0.8694164752960205,
          -0.45374733209609985,
          6.6934776441485155e-06
        ],
        "max_bound": [
          0.855962872505188,
          0.33829015493392944,
          1.9874778985977173
        ]
      }
    },
    {
      "label": "unknown_6_0",
      "sanitized": "unknown_6_0",
      "heat_ply": "/home/yli581/Desktop/sketch_lib/controlNet_process/sketch/dsl_optimize/optimize_iteration/iter_000/heat_map/heatmaps/unknown_6_0/heat_map_unknown_6_0.ply",
      "min_heat": 0.5,
      "points_used": 23072,
      "obb": {
        "center": [
          8.307037606821582e-05,
          0.014730893640694402,
          1.0833537807055291
        ],
        "R": [
          [
            -0.021678551007481162,
            0.055128465543951996,
            -0.9982439044206508
          ],
          [
            0.09960540020353328,
            -0.993391701853147,
            -0.057023599847803225
          ],
          [
            -0.9947908346363622,
            -0.1006666726184874,
            0.016044199805919934
          ]
        ],
        "extent": [
          0.36617753894875515,
          0.2938516261648223,
          0.15375778978090107
        ]
      },
      "aabb": {
        "min_bound": [
          -0.07282160222530365,
          -0.14098964631557465,
          0.9104563593864441
        ],
        "max_bound": [
          0.06856605410575867,
          0.16881099343299866,
          1.2648038864135742
        ]
      }
    },
    {
      "label": "unknown_7_0",
      "sanitized": "unknown_7_0",
      "heat_ply": "/home/yli581/Desktop/sketch_lib/controlNet_process/sketch/dsl_optimize/optimize_iteration/iter_000/heat_map/heatmaps/unknown_7_0/heat_map_unknown_7_0.ply",
      "min_heat": 0.5,
      "points_used": 469,
      "obb": {
        "center": [
          0.07212873873194893,
          -0.08318419824128997,
          0.8516623552030302
        ],
        "R": [
          [
            0.8294584965008662,
            0.14810232069840804,
            0.5385761832705457
          ],
          [
            -0.08622249080756114,
            -0.9187025380567364,
            0.38542357043524317
          ],
          [
            0.5518734317408862,
            -0.3661302352604285,
            -0.7492558749630734
          ]
        ],
        "extent": [
          0.1961388571326009,
          0.0817643707554652,
          0.11679167519243816
        ]
      },
      "aabb": {
        "min_bound": [
          0.004948461893945932,
          -0.10956009477376938,
          0.7692639827728271
        ],
        "max_bound": [
          0.17073044180870056,
          -0.04315409064292908,
          0.9219379425048828
        ]
      }
    },
    {
      "label": "unknown_8_0",
      "sanitized": "unknown_8_0",
      "heat_ply": "/home/yli581/Desktop/sketch_lib/controlNet_process/sketch/dsl_optimize/optimize_iteration/iter_000/heat_map/heatmaps/unknown_8_0/heat_map_unknown_8_0.ply",
      "min_heat": 0.5,
      "points_used": 399,
      "obb": {
        "center": [
          0.04063500643292185,
          0.06286325353676067,
          0.8113029009305434
        ],
        "R": [
          [
            0.7746920016278739,
            -0.5808919178060358,
            -0.24983370957783918
          ],
          [
            0.15679312669824869,
            0.5592185376298072,
            -0.8140580707734351
          ],
          [
            0.6125913956578114,
            0.5914720678094663,
            0.5243019883303983
          ]
        ],
        "extent": [
          0.07211789041880666,
          0.030163514035263843,
          0.021567081237065168
        ]
      },
      "aabb": {
        "min_bound": [
          0.008634720928966999,
          0.049762021750211716,
          0.7893749475479126
        ],
        "max_bound": [
          0.05939503759145737,
          0.07469973713159561,
          0.8434121012687683
        ]
      }
    },
    {
      "label": "unknown_9_0",
      "sanitized": "unknown_9_0",
      "heat_ply": "/home/yli581/Desktop/sketch_lib/controlNet_process/sketch/dsl_optimize/optimize_iteration/iter_000/heat_map/heatmaps/unknown_9_0/heat_map_unknown_9_0.ply",
      "min_heat": 0.5,
      "points_used": 1058,
      "obb": {
        "center": [
          -0.05895130141760046,
          -0.08362079390927082,
          0.826767400700063
        ],
        "R": [
          [
            0.9261372679004828,
            -0.377183342910761,
            -0.0015769706696476021
          ],
          [
            1.6610897980089476e-05,
            -0.004140090521321608,
            0.9999914296505514
          ],
          [
            -0.3771866391190277,
            -0.9261293567753582,
            -0.0038280267702486
          ]
        ],
        "extent": [
          0.16475949176549298,
          0.11064496155723529,
          0.045962509916466616
        ]
      },
      "aabb": {
        "min_bound": [
          -0.12739646434783936,
          -0.1066160574555397,
          0.7731029391288757
        ],
        "max_bound": [
          0.008574075996875763,
          -0.06069709733128548,
          0.8921937942504883
        ]
      }
    },
    {
      "label": "wheel_0_0",
      "sanitized": "wheel_0_0",
      "heat_ply": "/home/yli581/Desktop/sketch_lib/controlNet_process/sketch/dsl_optimize/optimize_iteration/iter_000/heat_map/heatmaps/wheel_0_0/heat_map_wheel_0_0.ply",
      "min_heat": 0.5,
      "points_used": 11250,
      "obb": {
        "center": [
          0.023641300135485405,
          0.13365154586162817,
          0.8791113438114404
        ],
        "R": [
          [
            0.20407371709171782,
            0.26942975221643095,
            0.9411490459076939
          ],
          [
            0.3762297024418921,
            0.8659623337742713,
            -0.32948512483070147
          ],
          [
            -0.903772719765791,
            0.42132747964595213,
            0.07535267680935384
          ]
        ],
        "extent": [
          0.20547627919350855,
          0.1878253695791336,
          0.11670596137212681
        ]
      },
      "aabb": {
        "min_bound": [
          -0.042316317558288574,
          0.06883399933576584,
          0.771655261516571
        ],
        "max_bound": [
          0.07659578323364258,
          0.216152161359787,
          0.983422577381134
        ]
      }
    },
    {
      "label": "wheel_1_0",
      "sanitized": "wheel_1_0",
      "heat_ply": "/home/yli581/Desktop/sketch_lib/controlNet_process/sketch/dsl_optimize/optimize_iteration/iter_000/heat_map/heatmaps/wheel_1_0/heat_map_wheel_1_0.ply",
      "min_heat": 0.5,
      "points_used": 8706,
      "obb": {
        "center": [
          0.0033514453957912797,
          0.07028219688865793,
          1.1737778759038724
        ],
        "R": [
          [
            0.2642089834057147,
            -0.957281439715615,
            -0.11749833302527454
          ],
          [
            -0.2741808895972797,
            0.04225029144477702,
            -0.9607495785335926
          ],
          [
            0.924672078559401,
            0.28605446692689646,
            -0.2513053701849723
          ]
        ],
        "extent": [
          0.20169292701886843,
          0.16545969757702483,
          0.12374625469630614
        ]
      },
      "aabb": {
        "min_bound": [
          -0.0716228038072586,
          0.008598065935075283,
          1.065224528312683
        ],
        "max_bound": [
          0.05864948779344559,
          0.13996177911758423,
          1.258693814277649
        ]
      }
    }
  ],
  "note": "OBB is computed from points with heat>=min_heat (heat recovered from PLY colors)."
}