{
  "heat_dir": "/home/yli581/Desktop/sketch_lib/controlNet_process/sketch/dsl_optimize/optimize_iteration/iter_000/heat_map",
  "out_json": "/home/yli581/Desktop/sketch_lib/controlNet_process/sketch/dsl_optimize/optimize_iteration/iter_000/heat_map/pca_bboxes/pca_bboxes.json",
  "min_heat": 0.5,
  "min_points": 200,
  "labels_count": 14,
  "labels_skipped": [],
  "labels": [
    {
      "label": "fender_0_0",
      "sanitized": "fender_0_0",
      "heat_ply": "/home/yli581/Desktop/sketch_lib/controlNet_process/sketch/dsl_optimize/optimize_iteration/iter_000/heat_map/heatmaps/fender_0_0/heat_map_fender_0_0.ply",
      "min_heat": 0.5,
      "points_used": 17064,
      "obb": {
        "center": [
          0.02663213960254597,
          0.01590187986194143,
          0.8997370687894495
        ],
        "R": [
          [
            0.004668707613110093,
            -0.14200354952000618,
            -0.9898551384384193
          ],
          [
            -0.970753206889365,
            -0.23824785699709267,
            0.02960016807902784
          ],
          [
            -0.24003419440412466,
            0.960766855464952,
            -0.13896271066998822
          ]
        ],
        "extent": [
          0.26921897820938756,
          0.28328515540177324,
          0.2862512337309805
        ]
      },
      "aabb": {
        "min_bound": [
          -0.11969400197267532,
          -0.10719200223684311,
          0.7725139856338501
        ],
        "max_bound": [
          0.17115600407123566,
          0.140174999833107,
          1.0367920398712158
        ]
      }
    },
    {
      "label": "handlebar_0_0",
      "sanitized": "handlebar_0_0",
      "heat_ply": "/home/yli581/Desktop/sketch_lib/controlNet_process/sketch/dsl_optimize/optimize_iteration/iter_000/heat_map/heatmaps/handlebar_0_0/heat_map_handlebar_0_0.ply",
      "min_heat": 0.5,
      "points_used": 4125,
      "obb": {
        "center": [
          0.015374973800291979,
          -0.09568311653557098,
          0.8314761669001034
        ],
        "R": [
          [
            0.9935994541436747,
            -0.11290364215892351,
            0.0035905866709243436
          ],
          [
            -0.03864636841964562,
            -0.3696286721134814,
            -0.9283755182896615
          ],
          [
            0.10614416108936324,
            0.9222946450776316,
            -0.3716261625986
          ]
        ],
        "extent": [
          0.2983305688161183,
          0.10884667954813029,
          0.05624839715874587
        ]
      },
      "aabb": {
        "min_bound": [
          -0.13312500715255737,
          -0.1144229993224144,
          0.778747022151947
        ],
        "max_bound": [
          0.16405700147151947,
          -0.051100000739097595,
          0.8783149719238281
        ]
      }
    },
    {
      "label": "headlight_0_0",
      "sanitized": "headlight_0_0",
      "heat_ply": "/home/yli581/Desktop/sketch_lib/controlNet_process/sketch/dsl_optimize/optimize_iteration/iter_000/heat_map/heatmaps/headlight_0_0/heat_map_headlight_0_0.ply",
      "min_heat": 0.5,
      "points_used": 1235,
      "obb": {
        "center": [
          0.02568564938712575,
          -0.08232966131627917,
          0.8056289484419972
        ],
        "R": [
          [
            -0.7702534020496027,
            -0.5233573274993996,
            -0.36442667902295417
          ],
          [
            -0.12760478464554717,
            -0.4334027567956854,
            0.8921205464159335
          ],
          [
            -0.6248413523179918,
            0.7336614738110394,
            0.26704704881132324
          ]
        ],
        "extent": [
          0.09813760572088837,
          0.08682591947726337,
          0.05838414839846334
        ]
      },
      "aabb": {
        "min_bound": [
          -0.03485900163650513,
          -0.10661599785089493,
          0.768409013748169
        ],
        "max_bound": [
          0.06692299991846085,
          -0.04757300019264221,
          0.8543509840965271
        ]
      }
    },
    {
      "label": "seat_0_0",
      "sanitized": "seat_0_0",
      "heat_ply": "/home/yli581/Desktop/sketch_lib/controlNet_process/sketch/dsl_optimize/optimize_iteration/iter_000/heat_map/heatmaps/seat_0_0/heat_map_seat_0_0.ply",
      "min_heat": 0.5,
      "points_used": 8869,
      "obb": {
        "center": [
          -0.014928824893681287,
          -0.07521601081854812,
          1.0739779051359992
        ],
        "R": [
          [
            0.18628537939318598,
            -0.9818080010417427,
            0.036753319778684894
          ],
          [
            0.35872390106364743,
            0.10279353623459081,
            0.9277664855523003
          ],
          [
            -0.9146665623220385,
            -0.15964503750134335,
            0.3713469291258235
          ]
        ],
        "extent": [
          0.2662055372737671,
          0.1423285038155605,
          0.09947669196409678
        ]
      },
      "aabb": {
        "min_bound": [
          -0.06661199778318405,
          -0.14259199798107147,
          0.952193021774292
        ],
        "max_bound": [
          0.06161699816584587,
          0.0012450000504031777,
          1.2066960334777832
        ]
      }
    },
    {
      "label": "unknown",
      "sanitized": "unknown",
      "heat_ply": "/home/yli581/Desktop/sketch_lib/controlNet_process/sketch/dsl_optimize/optimize_iteration/iter_000/heat_map/heatmaps/unknown/heat_map_unknown.ply",
      "min_heat": 0.5,
      "points_used": 3458,
      "obb": {
        "center": [
          -0.007853048623937157,
          0.014966350769098226,
          1.2213809474477935
        ],
        "R": [
          [
            0.028111359386262014,
            -0.9981251368407102,
            -0.054368765667154026
          ],
          [
            -0.9938107577373444,
            -0.022059381298462823,
            -0.10887406257807365
          ],
          [
            0.10747059727656529,
            0.05709286210589308,
            -0.9925676177558764
          ]
        ],
        "extent": [
          0.20259669133656544,
          0.09578913079688844,
          0.08522481249704172
        ]
      },
      "aabb": {
        "min_bound": [
          -0.05402199923992157,
          -0.08642099797725677,
          1.181380033493042
        ],
        "max_bound": [
          0.038203999400138855,
          0.11691000312566757,
          1.2647429704666138
        ]
      }
    },
    {
      "label": "unknown_0_0",
      "sanitized": "unknown_0_0",
      "heat_ply": "/home/yli581/Desktop/sketch_lib/controlNet_process/sketch/dsl_optimize/optimize_iteration/iter_000/heat_map/heatmaps/unknown_0_0/heat_map_unknown_0_0.ply",
      "min_heat": 0.5,
      "points_used": 20753,
      "obb": {
        "center": [
          0.0024347036618071853,
          0.02787659844206316,
          1.0702865178476375
        ],
        "R": [
          [
            0.003427760567264363,
            -0.08687283993283168,
            -0.996213511321493
          ],
          [
            -0.3601729908480379,
            0.9292505645622976,
            -0.082272747153784
          ],
          [
            0.9328792350144112,
            0.35909121117434195,
            -0.028104002139756057
          ]
        ],
        "extent": [
          0.3998790400601408,
          0.26650124547632437,
          0.15869065009893024
        ]
      },
      "aabb": {
        "min_bound": [
          -0.07287199795246124,
          -0.139833003282547,
          0.8932210206985474
        ],
        "max_bound": [
          0.0765329971909523,
          0.14695300161838531,
          1.2647420167922974
        ]
      }
    },
    {
      "label": "unknown_1_0",
      "sanitized": "unknown_1_0",
      "heat_ply": "/home/yli581/Desktop/sketch_lib/controlNet_process/sketch/dsl_optimize/optimize_iteration/iter_000/heat_map/heatmaps/unknown_1_0/heat_map_unknown_1_0.ply",
      "min_heat": 0.5,
      "points_used": 244,
      "obb": {
        "center": [
          0.1250528017934807,
          -0.09316762541909507,
          0.85428172968997
        ],
        "R": [
          [
            0.8430875656364304,
            -0.41468741793120806,
            -0.34239991541877646
          ],
          [
            -0.0647098871819966,
            0.5538418862320335,
            -0.8301034848474234
          ],
          [
            0.5338688857482996,
            0.7220065861642059,
            0.440102831580732
          ]
        ],
        "extent": [
          0.1039613476697658,
          0.033304126100252886,
          0.025215779200136762
        ]
      },
      "aabb": {
        "min_bound": [
          0.08039700239896774,
          -0.10999000072479248,
          0.8161860108375549
        ],
        "max_bound": [
          0.17072999477386475,
          -0.07741700112819672,
          0.8795070052146912
        ]
      }
    },
    {
      "label": "unknown_2_0",
      "sanitized": "unknown_2_0",
      "heat_ply": "/home/yli581/Desktop/sketch_lib/controlNet_process/sketch/dsl_optimize/optimize_iteration/iter_000/heat_map/heatmaps/unknown_2_0/heat_map_unknown_2_0.ply",
      "min_heat": 0.5,
      "points_used": 1002,
      "obb": {
        "center": [
          -0.05551904941156882,
          -0.030241331836584732,
          1.0783530013372438
        ],
        "R": [
          [
            -0.004979013822435682,
            -0.024908849110727594,
            -0.9996773272698223
          ],
          [
            0.33847575573338684,
            -0.9407236164234895,
            0.021754086600550712
          ],
          [
            -0.9409619398265101,
            -0.3382582249393068,
            0.01311491741646666
          ]
        ],
        "extent": [
          0.13861812176583632,
          0.07749553451138433,
          0.023671642583537447
        ]
      },
      "aabb": {
        "min_bound": [
          -0.06735599786043167,
          -0.08697099983692169,
          1.014420986175537
        ],
        "max_bound": [
          -0.043494001030921936,
          0.002300000051036477,
          1.1420389413833618
        ]
      }
    },
    {
      "label": "unknown_3_0",
      "sanitized": "unknown_3_0",
      "heat_ply": "/home/yli581/Desktop/sketch_lib/controlNet_process/sketch/dsl_optimize/optimize_iteration/iter_000/heat_map/heatmaps/unknown_3_0/heat_map_unknown_3_0.ply",
      "min_heat": 0.5,
      "points_used": 393,
      "obb": {
        "center": [
          0.04146644961347463,
          0.06684961642866637,
          0.81205468176582
        ],
        "R": [
          [
            0.7590396672425788,
            -0.5446108355781387,
            -0.35673214226245015
          ],
          [
            0.2512249561760105,
            0.7505147404292339,
            -0.6112394340950209
          ],
          [
            0.6006203500936652,
            0.3743349598545685,
            0.7064902921371545
          ]
        ],
        "extent": [
          0.07441656429038797,
          0.03721269692148022,
          0.021638416802235702
        ]
      },
      "aabb": {
        "min_bound": [
          0.00659500015899539,
          0.04791700094938278,
          0.7891200184822083
        ],
        "max_bound": [
          0.05856100097298622,
          0.08792900294065475,
          0.844763994216919
        ]
      }
    },
    {
      "label": "unknown_5_0",
      "sanitized": "unknown_5_0",
      "heat_ply": "/home/yli581/Desktop/sketch_lib/controlNet_process/sketch/dsl_optimize/optimize_iteration/iter_000/heat_map/heatmaps/unknown_5_0/heat_map_unknown_5_0.ply",
      "min_heat": 0.5,
      "points_used": 780,
      "obb": {
        "center": [
          -0.09488980098258777,
          -0.09011373897919164,
          0.8383767654066757
        ],
        "R": [
          [
            -0.508263239778241,
            -0.8386542538779348,
            -0.19577415953738794
          ],
          [
            -0.05267208528214115,
            -0.1966290421162801,
            0.9790621385941062
          ],
          [
            -0.8595895128037319,
            0.5079331277332465,
            0.055765645598023675
          ]
        ],
        "extent": [
          0.10909390011610268,
          0.09782558445215837,
          0.04022028103116727
        ]
      },
      "aabb": {
        "min_bound": [
          -0.12739600241184235,
          -0.1118139997124672,
          0.7934120297431946
        ],
        "max_bound": [
          -0.03252600133419037,
          -0.06781099736690521,
          0.8891689777374268
        ]
      }
    },
    {
      "label": "unknown_6_0",
      "sanitized": "unknown_6_0",
      "heat_ply": "/home/yli581/Desktop/sketch_lib/controlNet_process/sketch/dsl_optimize/optimize_iteration/iter_000/heat_map/heatmaps/unknown_6_0/heat_map_unknown_6_0.ply",
      "min_heat": 0.5,
      "points_used": 617,
      "obb": {
        "center": [
          -0.0017620299250909743,
          -0.034636609536618575,
          0.9807772871213567
        ],
        "R": [
          [
            0.9434752416739065,
            0.10364114092730185,
            0.31482214384577684
          ],
          [
            0.01327151730919468,
            -0.960904396788162,
            0.2765621215233394
          ],
          [
            0.33117719603963613,
            -0.2567513469107139,
            -0.9079649831809918
          ]
        ],
        "extent": [
          0.1377684075229102,
          0.0990390774303382,
          0.09294993733844814
        ]
      },
      "aabb": {
        "min_bound": [
          -0.07048600167036057,
          -0.09310899674892426,
          0.9362030029296875
        ],
        "max_bound": [
          0.06198100000619888,
          0.010587000288069248,
          1.0318280458450317
        ]
      }
    },
    {
      "label": "unknown_7_0",
      "sanitized": "unknown_7_0",
      "heat_ply": "/home/yli581/Desktop/sketch_lib/controlNet_process/sketch/dsl_optimize/optimize_iteration/iter_000/heat_map/heatmaps/unknown_7_0/heat_map_unknown_7_0.ply",
      "min_heat": 0.5,
      "points_used": 368,
      "obb": {
        "center": [
          0.008546389057606862,
          -0.08575978757094796,
          0.8141429503518954
        ],
        "R": [
          [
            0.4692566542752873,
            0.5133695603092923,
            0.7185053145010185
          ],
          [
            -0.021048490098601713,
            0.8199236449420912,
            -0.5720858130817829
          ],
          [
            -0.8828109386969175,
            0.25333162260704734,
            0.395560280493818
          ]
        ],
        "extent": [
          0.09086930657394872,
          0.07368169000291447,
          0.05980971893161813
        ]
      },
      "aabb": {
        "min_bound": [
          -0.03382999822497368,
          -0.10946699976921082,
          0.7685750126838684
        ],
        "max_bound": [
          0.03939399868249893,
          -0.04579399898648262,
          0.8561829924583435
        ]
      }
    },
    {
      "label": "wheel_0_0",
      "sanitized": "wheel_0_0",
      "heat_ply": "/home/yli581/Desktop/sketch_lib/controlNet_process/sketch/dsl_optimize/optimize_iteration/iter_000/heat_map/heatmaps/wheel_0_0/heat_map_wheel_0_0.ply",
      "min_heat": 0.5,
      "points_used": 11871,
      "obb": {
        "center": [
          0.0022980208953429556,
          0.10116728012284719,
          0.948753945396251
        ],
        "R": [
          [
            0.1773767059429781,
            0.04872834184250155,
            0.9829359352928849
          ],
          [
            0.36372515288257895,
            0.9248110624335075,
            -0.11148323623375637
          ],
          [
            -0.9144624198671932,
            0.3772930525491919,
            0.146316216287703
          ]
        ],
        "extent": [
          0.3655481731086331,
          0.18389983294069195,
          0.10458807430850926
        ]
      },
      "aabb": {
        "min_bound": [
          -0.061124999076128006,
          0.039034999907016754,
          0.7726359963417053
        ],
        "max_bound": [
          0.06387700140476227,
          0.2157669961452484,
          1.120872974395752
        ]
      }
    },
    {
      "label": "wheel_1_0",
      "sanitized": "wheel_1_0",
      "heat_ply": "/home/yli581/Desktop/sketch_lib/controlNet_process/sketch/dsl_optimize/optimize_iteration/iter_000/heat_map/heatmaps/wheel_1_0/heat_map_wheel_1_0.ply",
      "min_heat": 0.5,
      "points_used": 8796,
      "obb": {
        "center": [
          -0.008023613943692724,
          0.06428236129256473,
          1.1767913742016418
        ],
        "R": [
          [
            0.37002709766114844,
            -0.7465717435656899,
            -0.5529110043268743
          ],
          [
            0.6467929262067609,
            -0.2202017445200234,
            0.7301849781522721
          ],
          [
            -0.6668874399817127,
            -0.6278071546419524,
            0.4013967102194701
          ]
        ],
        "extent": [
          0.2175863030663745,
          0.14546078582400457,
          0.12170789632610296
        ]
      },
      "aabb": {
        "min_bound": [
          -0.072843998670578,
          -0.010147999972105026,
          1.0762029886245728
        ],
        "max_bound": [
          0.05738300085067749,
          0.12739400565624237,
          1.2639919519424438
        ]
      }
    }
  ],
  "note": "OBB is computed from points with heat>=min_heat (heat recovered from PLY colors)."
}