{
  "heat_dir": "/Users/yuanboli/Documents/GitHub/sketch_lib/controlNet_process/sketch/dsl_optimize/optimize_iteration/iter_000/heat_map",
  "out_json": "/Users/yuanboli/Documents/GitHub/sketch_lib/controlNet_process/sketch/dsl_optimize/optimize_iteration/iter_000/heat_map/pca_bboxes/pca_bboxes.json",
  "min_heat": 0.5,
  "min_points": 200,
  "labels_count": 17,
  "labels_skipped": [],
  "labels": [
    {
      "label": "fender_0_0",
      "sanitized": "fender_0_0",
      "heat_ply": "/Users/yuanboli/Documents/GitHub/sketch_lib/controlNet_process/sketch/dsl_optimize/optimize_iteration/iter_000/heat_map/heatmaps/fender_0_0/heat_map_fender_0_0.ply",
      "min_heat": 0.5,
      "points_used": 17064,
      "obb": {
        "center": [
          0.030112882321827825,
          0.006408709224165008,
          0.8729210222775629
        ],
        "R": [
          [
            0.004668707613109876,
            -0.14200354952000963,
            -0.9898551384384191
          ],
          [
            -0.9707532068893661,
            -0.23824785699708848,
            0.02960016807902829
          ],
          [
            -0.24003419440412055,
            0.9607668554649527,
            -0.13896271066999166
          ]
        ],
        "extent": [
          0.23788188914581465,
          0.23529211751422582,
          0.2862512337309804
        ]
      },
      "aabb": {
        "min_bound": [
          -0.11969400197267532,
          -0.10719200223684311,
          0.7725139856338501
        ],
        "max_bound": [
          0.17115600407123566,
          0.140174999833107,
          1.0367920398712158
        ]
      },
      "opt_bounds_local": {
        "min": [
          -0.10327240004112098,
          -0.14164257770088626,
          -0.1431256168654902
        ],
        "max": [
          0.13460948910469367,
          0.09364953981333957,
          0.1431256168654902
        ]
      },
      "opt": {
        "heat_gamma": 2.0,
        "value0": 16510.74711807662,
        "value": 16334.413784485001,
        "value_loss": 176.3333335916177,
        "center0": [
          0.026632139602545957,
          0.015901879861941404,
          0.8997370687894496
        ],
        "center": [
          0.030112882321827825,
          0.006408709224165008,
          0.8729210222775629
        ],
        "extent0": [
          0.26921897820938734,
          0.2832851554017725,
          0.2862512337309804
        ],
        "extent": [
          0.23788188914581465,
          0.23529211751422582,
          0.2862512337309804
        ]
      }
    },
    {
      "label": "handlebar_0_0",
      "sanitized": "handlebar_0_0",
      "heat_ply": "/Users/yuanboli/Documents/GitHub/sketch_lib/controlNet_process/sketch/dsl_optimize/optimize_iteration/iter_000/heat_map/heatmaps/handlebar_0_0/heat_map_handlebar_0_0.ply",
      "min_heat": 0.5,
      "points_used": 4125,
      "obb": {
        "center": [
          0.015374973800292025,
          -0.09568311653557224,
          0.8314761669001025
        ],
        "R": [
          [
            0.9935994541436747,
            -0.11290364215892323,
            0.0035905866709281882
          ],
          [
            -0.03864636841964567,
            -0.3696286721135139,
            -0.9283755182896485
          ],
          [
            0.10614416108936306,
            0.9222946450776185,
            -0.3716261625986323
          ]
        ],
        "extent": [
          0.2983305688161183,
          0.10884667954813036,
          0.05624839715874541
        ]
      },
      "aabb": {
        "min_bound": [
          -0.13312500715255737,
          -0.1144229993224144,
          0.778747022151947
        ],
        "max_bound": [
          0.16405700147151947,
          -0.051100000739097595,
          0.8783149719238281
        ]
      },
      "opt_bounds_local": {
        "min": [
          -0.14916528440805915,
          -0.05442333977406518,
          -0.028124198579372706
        ],
        "max": [
          0.14916528440805915,
          0.05442333977406518,
          0.028124198579372706
        ]
      },
      "opt": {
        "heat_gamma": 2.0,
        "value0": 3757.871589715047,
        "value": 3757.871589715047,
        "value_loss": 0.0,
        "center0": [
          0.015374973800292025,
          -0.09568311653557224,
          0.8314761669001025
        ],
        "center": [
          0.015374973800292025,
          -0.09568311653557224,
          0.8314761669001025
        ],
        "extent0": [
          0.2983305688161183,
          0.10884667954813036,
          0.05624839715874541
        ],
        "extent": [
          0.2983305688161183,
          0.10884667954813036,
          0.05624839715874541
        ]
      }
    },
    {
      "label": "headlight_0_0",
      "sanitized": "headlight_0_0",
      "heat_ply": "/Users/yuanboli/Documents/GitHub/sketch_lib/controlNet_process/sketch/dsl_optimize/optimize_iteration/iter_000/heat_map/heatmaps/headlight_0_0/heat_map_headlight_0_0.ply",
      "min_heat": 0.5,
      "points_used": 1235,
      "obb": {
        "center": [
          0.025685649387125795,
          -0.0823296613162796,
          0.8056289484419968
        ],
        "R": [
          [
            -0.7702534020496113,
            -0.5233573274993876,
            -0.3644266790229532
          ],
          [
            -0.12760478464554006,
            -0.4334027567956985,
            0.892120546415928
          ],
          [
            -0.6248413523179824,
            0.7336614738110401,
            0.26704704881134234
          ]
        ],
        "extent": [
          0.0981376057208887,
          0.08682591947726315,
          0.05838414839846316
        ]
      },
      "aabb": {
        "min_bound": [
          -0.03485900163650513,
          -0.10661599785089493,
          0.768409013748169
        ],
        "max_bound": [
          0.06692299991846085,
          -0.04757300019264221,
          0.8543509840965271
        ]
      },
      "opt_bounds_local": {
        "min": [
          -0.04906880286044435,
          -0.043412959738631574,
          -0.02919207419923158
        ],
        "max": [
          0.04906880286044435,
          0.043412959738631574,
          0.02919207419923158
        ]
      },
      "opt": {
        "heat_gamma": 2.0,
        "value0": 1126.7578516606018,
        "value": 1126.7578516606018,
        "value_loss": 0.0,
        "center0": [
          0.025685649387125795,
          -0.0823296613162796,
          0.8056289484419968
        ],
        "center": [
          0.025685649387125795,
          -0.0823296613162796,
          0.8056289484419968
        ],
        "extent0": [
          0.0981376057208887,
          0.08682591947726315,
          0.05838414839846316
        ],
        "extent": [
          0.0981376057208887,
          0.08682591947726315,
          0.05838414839846316
        ]
      }
    },
    {
      "label": "seat_0_0",
      "sanitized": "seat_0_0",
      "heat_ply": "/Users/yuanboli/Documents/GitHub/sketch_lib/controlNet_process/sketch/dsl_optimize/optimize_iteration/iter_000/heat_map/heatmaps/seat_0_0/heat_map_seat_0_0.ply",
      "min_heat": 0.5,
      "points_used": 8869,
      "obb": {
        "center": [
          -0.014928824893681287,
          -0.07521601081854813,
          1.0739779051359992
        ],
        "R": [
          [
            0.1862853793931832,
            -0.9818080010417434,
            0.036753319778681924
          ],
          [
            0.3587239010636434,
            0.10279353623458627,
            0.9277664855523023
          ],
          [
            -0.9146665623220406,
            -0.15964503750134248,
            0.3713469291258187
          ]
        ],
        "extent": [
          0.2662055372737671,
          0.14232850381555995,
          0.09947669196409634
        ]
      },
      "aabb": {
        "min_bound": [
          -0.06661199778318405,
          -0.14259199798107147,
          0.952193021774292
        ],
        "max_bound": [
          0.06161699816584587,
          0.0012450000504031777,
          1.2066960334777832
        ]
      },
      "opt_bounds_local": {
        "min": [
          -0.13310276863688356,
          -0.07116425190777997,
          -0.04973834598204817
        ],
        "max": [
          0.13310276863688356,
          0.07116425190777997,
          0.04973834598204817
        ]
      },
      "opt": {
        "heat_gamma": 2.0,
        "value0": 4201.252296393797,
        "value": 4201.252296393797,
        "value_loss": 0.0,
        "center0": [
          -0.014928824893681287,
          -0.07521601081854813,
          1.0739779051359992
        ],
        "center": [
          -0.014928824893681287,
          -0.07521601081854813,
          1.0739779051359992
        ],
        "extent0": [
          0.2662055372737671,
          0.14232850381555995,
          0.09947669196409634
        ],
        "extent": [
          0.2662055372737671,
          0.14232850381555995,
          0.09947669196409634
        ]
      }
    },
    {
      "label": "unknown",
      "sanitized": "unknown",
      "heat_ply": "/Users/yuanboli/Documents/GitHub/sketch_lib/controlNet_process/sketch/dsl_optimize/optimize_iteration/iter_000/heat_map/heatmaps/unknown/heat_map_unknown.ply",
      "min_heat": 0.5,
      "points_used": 3458,
      "obb": {
        "center": [
          -0.007853048623937266,
          0.014966350769098151,
          1.221380947447793
        ],
        "R": [
          [
            0.028111359386262056,
            -0.9981251368407112,
            -0.05436876566713537
          ],
          [
            -0.9938107577373447,
            -0.02205938129846499,
            -0.10887406257807057
          ],
          [
            0.10747059727656262,
            0.05709286210587446,
            -0.9925676177558779
          ]
        ],
        "extent": [
          0.20259669133656547,
          0.09578913079688756,
          0.08522481249704197
        ]
      },
      "aabb": {
        "min_bound": [
          -0.05402199923992157,
          -0.08642099797725677,
          1.181380033493042
        ],
        "max_bound": [
          0.038203999400138855,
          0.11691000312566757,
          1.2647429704666138
        ]
      },
      "opt_bounds_local": {
        "min": [
          -0.10129834566828273,
          -0.04789456539844378,
          -0.04261240624852099
        ],
        "max": [
          0.10129834566828273,
          0.04789456539844378,
          0.04261240624852099
        ]
      },
      "opt": {
        "heat_gamma": 2.0,
        "value0": 2886.3487730691395,
        "value": 2886.3487730691395,
        "value_loss": 0.0,
        "center0": [
          -0.007853048623937266,
          0.014966350769098151,
          1.221380947447793
        ],
        "center": [
          -0.007853048623937266,
          0.014966350769098151,
          1.221380947447793
        ],
        "extent0": [
          0.20259669133656547,
          0.09578913079688756,
          0.08522481249704197
        ],
        "extent": [
          0.20259669133656547,
          0.09578913079688756,
          0.08522481249704197
        ]
      }
    },
    {
      "label": "unknown_0_0",
      "sanitized": "unknown_0_0",
      "heat_ply": "/Users/yuanboli/Documents/GitHub/sketch_lib/controlNet_process/sketch/dsl_optimize/optimize_iteration/iter_000/heat_map/heatmaps/unknown_0_0/heat_map_unknown_0_0.ply",
      "min_heat": 0.5,
      "points_used": 11476,
      "obb": {
        "center": [
          -0.005551807059825758,
          -0.05997332085042406,
          1.1420957681355808
        ],
        "R": [
          [
            0.228314397774182,
            -0.7432543692875732,
            0.6288445581413139
          ],
          [
            -0.7790687664147535,
            0.24789172655979044,
            0.5758485470157931
          ],
          [
            -0.5838873118727678,
            -0.6213876683988329,
            -0.5224490143505445
          ]
        ],
        "extent": [
          0.17171051853187383,
          0.17361415630424215,
          0.16591867167847033
        ]
      },
      "aabb": {
        "min_bound": [
          -0.07261200249195099,
          -0.139833003282547,
          1.032371997833252
        ],
        "max_bound": [
          0.05199800059199333,
          0.067392997443676,
          1.2647420167922974
        ]
      },
      "opt_bounds_local": {
        "min": [
          -0.07143626876463958,
          -0.08680707815212108,
          -0.10625609522327786
        ],
        "max": [
          0.10027424976723424,
          0.08680707815212108,
          0.05966257645519246
        ]
      },
      "opt": {
        "heat_gamma": 2.0,
        "value0": 9454.02601947828,
        "value": 8715.407056938364,
        "value_loss": 738.6189625399165,
        "center0": [
          0.005806170168341732,
          -0.03532453066615477,
          1.1383434647615474
        ],
        "center": [
          -0.005551807059825758,
          -0.05997332085042406,
          1.1420957681355808
        ],
        "extent0": [
          0.230185265602584,
          0.17361415630424215,
          0.21251219044655573
        ],
        "extent": [
          0.17171051853187383,
          0.17361415630424215,
          0.16591867167847033
        ]
      }
    },
    {
      "label": "unknown_10_0",
      "sanitized": "unknown_10_0",
      "heat_ply": "/Users/yuanboli/Documents/GitHub/sketch_lib/controlNet_process/sketch/dsl_optimize/optimize_iteration/iter_000/heat_map/heatmaps/unknown_10_0/heat_map_unknown_10_0.ply",
      "min_heat": 0.5,
      "points_used": 368,
      "obb": {
        "center": [
          0.008546389057606416,
          -0.08575978757094783,
          0.8141429503518958
        ],
        "R": [
          [
            0.46925665427530855,
            0.5133695603092685,
            0.7185053145010216
          ],
          [
            -0.0210484900985797,
            0.8199236449420989,
            -0.5720858130817728
          ],
          [
            -0.8828109386969069,
            0.2533316226070707,
            0.3955602804938272
          ]
        ],
        "extent": [
          0.09086930657394846,
          0.07368169000291325,
          0.059809718931618336
        ]
      },
      "aabb": {
        "min_bound": [
          -0.03382999822497368,
          -0.10946699976921082,
          0.7685750126838684
        ],
        "max_bound": [
          0.03939399868249893,
          -0.04579399898648262,
          0.8561829924583435
        ]
      },
      "opt_bounds_local": {
        "min": [
          -0.04543465328697423,
          -0.036840845001456624,
          -0.029904859465809168
        ],
        "max": [
          0.04543465328697423,
          0.036840845001456624,
          0.029904859465809168
        ]
      },
      "opt": {
        "heat_gamma": 2.0,
        "value0": 236.5892196397569,
        "value": 236.5892196397569,
        "value_loss": 0.0,
        "center0": [
          0.008546389057606416,
          -0.08575978757094783,
          0.8141429503518958
        ],
        "center": [
          0.008546389057606416,
          -0.08575978757094783,
          0.8141429503518958
        ],
        "extent0": [
          0.09086930657394846,
          0.07368169000291325,
          0.059809718931618336
        ],
        "extent": [
          0.09086930657394846,
          0.07368169000291325,
          0.059809718931618336
        ]
      }
    },
    {
      "label": "unknown_1_0",
      "sanitized": "unknown_1_0",
      "heat_ply": "/Users/yuanboli/Documents/GitHub/sketch_lib/controlNet_process/sketch/dsl_optimize/optimize_iteration/iter_000/heat_map/heatmaps/unknown_1_0/heat_map_unknown_1_0.ply",
      "min_heat": 0.5,
      "points_used": 8011,
      "obb": {
        "center": [
          0.029759640666740403,
          0.08462690527120029,
          1.006803588306688
        ],
        "R": [
          [
            0.30082676615790294,
            -0.7606955785810667,
            -0.5751917015136734
          ],
          [
            0.38755882001580566,
            -0.4535684269625496,
            0.802542112970201
          ],
          [
            -0.8713790322190079,
            -0.4643467656718786,
            0.158368757711648
          ]
        ],
        "extent": [
          0.2001910723900008,
          0.16061160221753504,
          0.1651274084503157
        ]
      },
      "aabb": {
        "min_bound": [
          -0.06846900284290314,
          -0.003502999898046255,
          0.9208239912986755
        ],
        "max_bound": [
          0.0765329971909523,
          0.14695300161838531,
          1.179311990737915
        ]
      },
      "opt_bounds_local": {
        "min": [
          -0.0638032980490594,
          -0.09510043865992138,
          -0.08256370422515785
        ],
        "max": [
          0.1363877743409414,
          0.06551116355761366,
          0.08256370422515785
        ]
      },
      "opt": {
        "heat_gamma": 2.0,
        "value0": 6965.47844836408,
        "value": 6422.868963016755,
        "value_loss": 542.6094853473251,
        "center0": [
          0.007587748656792326,
          0.06385114779806886,
          1.0315580415631938
        ],
        "center": [
          0.029759640666740403,
          0.08462690527120029,
          1.006803588306688
        ],
        "extent0": [
          0.2727755486818828,
          0.19020087731984275,
          0.1651274084503157
        ],
        "extent": [
          0.2001910723900008,
          0.16061160221753504,
          0.1651274084503157
        ]
      }
    },
    {
      "label": "unknown_2_0",
      "sanitized": "unknown_2_0",
      "heat_ply": "/Users/yuanboli/Documents/GitHub/sketch_lib/controlNet_process/sketch/dsl_optimize/optimize_iteration/iter_000/heat_map/heatmaps/unknown_2_0/heat_map_unknown_2_0.ply",
      "min_heat": 0.5,
      "points_used": 244,
      "obb": {
        "center": [
          0.12505280179348208,
          -0.09316762541909634,
          0.854281729689968
        ],
        "R": [
          [
            0.8430875656364388,
            -0.41468741793106234,
            -0.3423999154189321
          ],
          [
            -0.06470988718199934,
            0.5538418862323552,
            -0.8301034848472086
          ],
          [
            0.533868885748286,
            0.7220065861640428,
            0.4401028315810162
          ]
        ],
        "extent": [
          0.10396134766976564,
          0.033304126100248965,
          0.025215779200133074
        ]
      },
      "aabb": {
        "min_bound": [
          0.08039700239896774,
          -0.10999000072479248,
          0.8161860108375549
        ],
        "max_bound": [
          0.17072999477386475,
          -0.07741700112819672,
          0.8795070052146912
        ]
      },
      "opt_bounds_local": {
        "min": [
          -0.05198067383488282,
          -0.016652063050124483,
          -0.012607889600066537
        ],
        "max": [
          0.05198067383488282,
          0.016652063050124483,
          0.012607889600066537
        ]
      },
      "opt": {
        "heat_gamma": 2.0,
        "value0": 117.67418695982353,
        "value": 117.67418695982353,
        "value_loss": 0.0,
        "center0": [
          0.12505280179348208,
          -0.09316762541909634,
          0.854281729689968
        ],
        "center": [
          0.12505280179348208,
          -0.09316762541909634,
          0.854281729689968
        ],
        "extent0": [
          0.10396134766976564,
          0.033304126100248965,
          0.025215779200133074
        ],
        "extent": [
          0.10396134766976564,
          0.033304126100248965,
          0.025215779200133074
        ]
      }
    },
    {
      "label": "unknown_3_0",
      "sanitized": "unknown_3_0",
      "heat_ply": "/Users/yuanboli/Documents/GitHub/sketch_lib/controlNet_process/sketch/dsl_optimize/optimize_iteration/iter_000/heat_map/heatmaps/unknown_3_0/heat_map_unknown_3_0.ply",
      "min_heat": 0.5,
      "points_used": 1002,
      "obb": {
        "center": [
          -0.05551904941156886,
          -0.030241331836584603,
          1.0783530013372438
        ],
        "R": [
          [
            -0.004979013822436754,
            -0.0249088491107292,
            -0.9996773272698221
          ],
          [
            0.3384757557333958,
            -0.9407236164234862,
            0.021754086600551736
          ],
          [
            -0.9409619398265068,
            -0.3382582249393155,
            0.013114917416468419
          ]
        ],
        "extent": [
          0.13861812176583665,
          0.07749553451138416,
          0.023671642583537524
        ]
      },
      "aabb": {
        "min_bound": [
          -0.06735599786043167,
          -0.08697099983692169,
          1.014420986175537
        ],
        "max_bound": [
          -0.043494001030921936,
          0.002300000051036477,
          1.1420389413833618
        ]
      },
      "opt_bounds_local": {
        "min": [
          -0.06930906088291833,
          -0.03874776725569208,
          -0.011835821291768762
        ],
        "max": [
          0.06930906088291833,
          0.03874776725569208,
          0.011835821291768762
        ]
      },
      "opt": {
        "heat_gamma": 2.0,
        "value0": 745.6352986914852,
        "value": 745.6352986914852,
        "value_loss": 0.0,
        "center0": [
          -0.05551904941156886,
          -0.030241331836584603,
          1.0783530013372438
        ],
        "center": [
          -0.05551904941156886,
          -0.030241331836584603,
          1.0783530013372438
        ],
        "extent0": [
          0.13861812176583665,
          0.07749553451138416,
          0.023671642583537524
        ],
        "extent": [
          0.13861812176583665,
          0.07749553451138416,
          0.023671642583537524
        ]
      }
    },
    {
      "label": "unknown_4_0",
      "sanitized": "unknown_4_0",
      "heat_ply": "/Users/yuanboli/Documents/GitHub/sketch_lib/controlNet_process/sketch/dsl_optimize/optimize_iteration/iter_000/heat_map/heatmaps/unknown_4_0/heat_map_unknown_4_0.ply",
      "min_heat": 0.5,
      "points_used": 393,
      "obb": {
        "center": [
          0.04146644961347463,
          0.06684961642866642,
          0.8120546817658201
        ],
        "R": [
          [
            0.7590396672425777,
            -0.5446108355781427,
            -0.3567321422624468
          ],
          [
            0.25122495617601237,
            0.7505147404292296,
            -0.6112394340950256
          ],
          [
            0.6006203500936661,
            0.37433495985457127,
            0.7064902921371523
          ]
        ],
        "extent": [
          0.07441656429038802,
          0.03721269692148028,
          0.02163841680223575
        ]
      },
      "aabb": {
        "min_bound": [
          0.00659500015899539,
          0.04791700094938278,
          0.7891200184822083
        ],
        "max_bound": [
          0.05856100097298622,
          0.08792900294065475,
          0.844763994216919
        ]
      },
      "opt_bounds_local": {
        "min": [
          -0.03720828214519401,
          -0.01860634846074014,
          -0.010819208401117875
        ],
        "max": [
          0.03720828214519401,
          0.01860634846074014,
          0.010819208401117875
        ]
      },
      "opt": {
        "heat_gamma": 2.0,
        "value0": 96.0078507665321,
        "value": 96.0078507665321,
        "value_loss": 0.0,
        "center0": [
          0.04146644961347463,
          0.06684961642866642,
          0.8120546817658201
        ],
        "center": [
          0.04146644961347463,
          0.06684961642866642,
          0.8120546817658201
        ],
        "extent0": [
          0.07441656429038802,
          0.03721269692148028,
          0.02163841680223575
        ],
        "extent": [
          0.07441656429038802,
          0.03721269692148028,
          0.02163841680223575
        ]
      }
    },
    {
      "label": "unknown_6_0",
      "sanitized": "unknown_6_0",
      "heat_ply": "/Users/yuanboli/Documents/GitHub/sketch_lib/controlNet_process/sketch/dsl_optimize/optimize_iteration/iter_000/heat_map/heatmaps/unknown_6_0/heat_map_unknown_6_0.ply",
      "min_heat": 0.5,
      "points_used": 23072,
      "obb": {
        "center": [
          0.0007661500091812599,
          -0.012184701323309385,
          1.102067047187169
        ],
        "R": [
          [
            -0.02167855100748079,
            0.055128465543952086,
            -0.9982439044206508
          ],
          [
            0.09960540020353131,
            -0.9933917018531472,
            -0.057023599847803245
          ],
          [
            -0.9947908346363624,
            -0.10066667261848533,
            0.016044199805919666
          ]
        ],
        "extent": [
          0.3235544734151199,
          0.24406845906648295,
          0.1514514229341875
        ]
      },
      "aabb": {
        "min_bound": [
          -0.07282160222530365,
          -0.14098964631557465,
          0.9104563593864441
        ],
        "max_bound": [
          0.06856605410575867,
          0.16881099343299866,
          1.2648038864135742
        ]
      },
      "opt_bounds_local": {
        "min": [
          -0.1830887694743775,
          -0.0971426459840717,
          -0.074572528043737
        ],
        "max": [
          0.14046570394074243,
          0.14692581308241126,
          0.07687889489045051
        ]
      },
      "opt": {
        "heat_gamma": 2.0,
        "value0": 18955.461025426102,
        "value": 18554.375569710184,
        "value_loss": 401.0854557159182,
        "center0": [
          8.307037606821582e-05,
          0.014730893640694333,
          1.0833537807055291
        ],
        "center": [
          0.0007661500091812599,
          -0.012184701323309385,
          1.102067047187169
        ],
        "extent0": [
          0.366177538948755,
          0.2938516261648225,
          0.15375778978090102
        ],
        "extent": [
          0.3235544734151199,
          0.24406845906648295,
          0.1514514229341875
        ]
      }
    },
    {
      "label": "unknown_7_0",
      "sanitized": "unknown_7_0",
      "heat_ply": "/Users/yuanboli/Documents/GitHub/sketch_lib/controlNet_process/sketch/dsl_optimize/optimize_iteration/iter_000/heat_map/heatmaps/unknown_7_0/heat_map_unknown_7_0.ply",
      "min_heat": 0.5,
      "points_used": 780,
      "obb": {
        "center": [
          -0.0948898009825879,
          -0.09011373897919162,
          0.8383767654066757
        ],
        "R": [
          [
            -0.5082632397782433,
            -0.8386542538779337,
            -0.19577415953738736
          ],
          [
            -0.05267208528214628,
            -0.19662904211627658,
            0.9790621385941067
          ],
          [
            -0.8595895128037302,
            0.5079331277332498,
            0.055765645598018096
          ]
        ],
        "extent": [
          0.10909390011610262,
          0.09782558445215836,
          0.040220281031167246
        ]
      },
      "aabb": {
        "min_bound": [
          -0.12739600241184235,
          -0.1118139997124672,
          0.7934120297431946
        ],
        "max_bound": [
          -0.03252600133419037,
          -0.06781099736690521,
          0.8891689777374268
        ]
      },
      "opt_bounds_local": {
        "min": [
          -0.05454695005805131,
          -0.04891279222607918,
          -0.020110140515583623
        ],
        "max": [
          0.05454695005805131,
          0.04891279222607918,
          0.020110140515583623
        ]
      },
      "opt": {
        "heat_gamma": 2.0,
        "value0": 602.6666668256124,
        "value": 602.6666668256124,
        "value_loss": 0.0,
        "center0": [
          -0.0948898009825879,
          -0.09011373897919162,
          0.8383767654066757
        ],
        "center": [
          -0.0948898009825879,
          -0.09011373897919162,
          0.8383767654066757
        ],
        "extent0": [
          0.10909390011610262,
          0.09782558445215836,
          0.040220281031167246
        ],
        "extent": [
          0.10909390011610262,
          0.09782558445215836,
          0.040220281031167246
        ]
      }
    },
    {
      "label": "unknown_8_0",
      "sanitized": "unknown_8_0",
      "heat_ply": "/Users/yuanboli/Documents/GitHub/sketch_lib/controlNet_process/sketch/dsl_optimize/optimize_iteration/iter_000/heat_map/heatmaps/unknown_8_0/heat_map_unknown_8_0.ply",
      "min_heat": 0.5,
      "points_used": 1113,
      "obb": {
        "center": [
          -0.03589206285425503,
          0.0647049933806706,
          0.9516017983240266
        ],
        "R": [
          [
            0.3286962266343071,
            -0.18255663076096032,
            0.9266239081534509
          ],
          [
            0.9323009685689615,
            0.2194941691718365,
            -0.2874668914935105
          ],
          [
            -0.15090955768852,
            0.9583816495868291,
            0.24234462885214447
          ]
        ],
        "extent": [
          0.140341858771873,
          0.10438038492663082,
          0.06666832853716612
        ]
      },
      "aabb": {
        "min_bound": [
          -0.07287199795246124,
          0.002179000061005354,
          0.8932210206985474
        ],
        "max_bound": [
          0.012482999823987484,
          0.13193899393081665,
          0.9964609742164612
        ]
      },
      "opt_bounds_local": {
        "min": [
          -0.0701709293859365,
          -0.05219019246331541,
          -0.03333416426858306
        ],
        "max": [
          0.0701709293859365,
          0.05219019246331541,
          0.03333416426858306
        ]
      },
      "opt": {
        "heat_gamma": 2.0,
        "value0": 520.9944453292424,
        "value": 520.9944453292424,
        "value_loss": 0.0,
        "center0": [
          -0.03589206285425503,
          0.0647049933806706,
          0.9516017983240266
        ],
        "center": [
          -0.03589206285425503,
          0.0647049933806706,
          0.9516017983240266
        ],
        "extent0": [
          0.140341858771873,
          0.10438038492663082,
          0.06666832853716612
        ],
        "extent": [
          0.140341858771873,
          0.10438038492663082,
          0.06666832853716612
        ]
      }
    },
    {
      "label": "unknown_9_0",
      "sanitized": "unknown_9_0",
      "heat_ply": "/Users/yuanboli/Documents/GitHub/sketch_lib/controlNet_process/sketch/dsl_optimize/optimize_iteration/iter_000/heat_map/heatmaps/unknown_9_0/heat_map_unknown_9_0.ply",
      "min_heat": 0.5,
      "points_used": 617,
      "obb": {
        "center": [
          -0.0017620299250908173,
          -0.03463660953661842,
          0.9807772871213566
        ],
        "R": [
          [
            0.9434752416739044,
            0.10364114092730731,
            0.31482214384578144
          ],
          [
            0.013271517309195856,
            -0.9609043967881596,
            0.2765621215233479
          ],
          [
            0.33117719603964213,
            -0.25675134691072093,
            -0.9079649831809878
          ]
        ],
        "extent": [
          0.13776840752291028,
          0.09903907743033849,
          0.09294993733844864
        ]
      },
      "aabb": {
        "min_bound": [
          -0.07048600167036057,
          -0.09310899674892426,
          0.9362030029296875
        ],
        "max_bound": [
          0.06198100000619888,
          0.010587000288069248,
          1.0318280458450317
        ]
      },
      "opt_bounds_local": {
        "min": [
          -0.06888420376145514,
          -0.049519538715169245,
          -0.04647496866922432
        ],
        "max": [
          0.06888420376145514,
          0.049519538715169245,
          0.04647496866922432
        ]
      },
      "opt": {
        "heat_gamma": 2.0,
        "value0": 549.7519650760232,
        "value": 549.7519650760232,
        "value_loss": 0.0,
        "center0": [
          -0.0017620299250908173,
          -0.03463660953661842,
          0.9807772871213566
        ],
        "center": [
          -0.0017620299250908173,
          -0.03463660953661842,
          0.9807772871213566
        ],
        "extent0": [
          0.13776840752291028,
          0.09903907743033849,
          0.09294993733844864
        ],
        "extent": [
          0.13776840752291028,
          0.09903907743033849,
          0.09294993733844864
        ]
      }
    },
    {
      "label": "wheel_0_0",
      "sanitized": "wheel_0_0",
      "heat_ply": "/Users/yuanboli/Documents/GitHub/sketch_lib/controlNet_process/sketch/dsl_optimize/optimize_iteration/iter_000/heat_map/heatmaps/wheel_0_0/heat_map_wheel_0_0.ply",
      "min_heat": 0.5,
      "points_used": 11871,
      "obb": {
        "center": [
          0.0051139371689787405,
          0.1216814555727729,
          0.9454673744302377
        ],
        "R": [
          [
            0.17737670594297889,
            0.04872834184249439,
            0.9829359352928851
          ],
          [
            0.3637251528825815,
            0.9248110624335073,
            -0.11148323623375034
          ],
          [
            -0.914462419867192,
            0.3772930525491935,
            0.14631621628770614
          ]
        ],
        "extent": [
          0.343615282722115,
          0.14816193107791542,
          0.10458807430850968
        ]
      },
      "aabb": {
        "min_bound": [
          -0.061124999076128006,
          0.039034999907016754,
          0.7726359963417053
        ],
        "max_bound": [
          0.06387700140476227,
          0.2157669961452484,
          1.120872974395752
        ]
      },
      "opt_bounds_local": {
        "min": [
          -0.16084119616779852,
          -0.0562120146075694,
          -0.05229403715425484
        ],
        "max": [
          0.18277408655431648,
          0.09194991647034603,
          0.05229403715425484
        ]
      },
      "opt": {
        "heat_gamma": 2.0,
        "value0": 8867.418329614185,
        "value": 8574.384665205469,
        "value_loss": 293.0336644087165,
        "center0": [
          0.0022980208953427995,
          0.1011672801228469,
          0.9487539453962509
        ],
        "center": [
          0.0051139371689787405,
          0.1216814555727729,
          0.9454673744302377
        ],
        "extent0": [
          0.36554817310863297,
          0.18389983294069207,
          0.10458807430850968
        ],
        "extent": [
          0.343615282722115,
          0.14816193107791542,
          0.10458807430850968
        ]
      }
    },
    {
      "label": "wheel_1_0",
      "sanitized": "wheel_1_0",
      "heat_ply": "/Users/yuanboli/Documents/GitHub/sketch_lib/controlNet_process/sketch/dsl_optimize/optimize_iteration/iter_000/heat_map/heatmaps/wheel_1_0/heat_map_wheel_1_0.ply",
      "min_heat": 0.5,
      "points_used": 8796,
      "obb": {
        "center": [
          -0.008023613943693135,
          0.06428236129256416,
          1.1767913742016427
        ],
        "R": [
          [
            0.37002709766117625,
            -0.7465717435656838,
            -0.552911004326864
          ],
          [
            0.64679292620678,
            -0.22020174451997915,
            0.7301849781522686
          ],
          [
            -0.6668874399816789,
            -0.627807154641975,
            0.4013967102194907
          ]
        ],
        "extent": [
          0.2175863030663745,
          0.14546078582400626,
          0.1217078963261039
        ]
      },
      "aabb": {
        "min_bound": [
          -0.072843998670578,
          -0.010147999972105026,
          1.0762029886245728
        ],
        "max_bound": [
          0.05738300085067749,
          0.12739400565624237,
          1.2639919519424438
        ]
      },
      "opt_bounds_local": {
        "min": [
          -0.10879315153318725,
          -0.07273039291200313,
          -0.06085394816305195
        ],
        "max": [
          0.10879315153318725,
          0.07273039291200313,
          0.06085394816305195
        ]
      },
      "opt": {
        "heat_gamma": 2.0,
        "value0": 7029.466948745457,
        "value": 7029.466948745457,
        "value_loss": 0.0,
        "center0": [
          -0.008023613943693135,
          0.06428236129256416,
          1.1767913742016427
        ],
        "center": [
          -0.008023613943693135,
          0.06428236129256416,
          1.1767913742016427
        ],
        "extent0": [
          0.2175863030663745,
          0.14546078582400626,
          0.1217078963261039
        ],
        "extent": [
          0.2175863030663745,
          0.14546078582400626,
          0.1217078963261039
        ]
      }
    }
  ],
  "note": "OBB is computed from points with heat>=min_heat (heat recovered from PLY colors)."
}