{
  "heat_dir": "/Users/yuanboli/Documents/GitHub/sketch_lib/controlNet_process/sketch/dsl_optimize/optimize_iteration/iter_000/heat_map",
  "out_json": "/Users/yuanboli/Documents/GitHub/sketch_lib/controlNet_process/sketch/dsl_optimize/optimize_iteration/iter_000/heat_map/pca_bboxes/pca_bboxes.json",
  "min_heat": 0.5,
  "min_points": 200,
  "labels_count": 19,
  "labels_skipped": [],
  "labels": [
    {
      "label": "fender_0_0",
      "sanitized": "fender_0_0",
      "heat_ply": "/Users/yuanboli/Documents/GitHub/sketch_lib/controlNet_process/sketch/dsl_optimize/optimize_iteration/iter_000/heat_map/heatmaps/fender_0_0/heat_map_fender_0_0.ply",
      "min_heat": 0.5,
      "points_used": 14443,
      "obb": {
        "center": [
          0.005024517857575253,
          -0.0009614465245810916,
          0.8566172788710082
        ],
        "R": [
          [
            0.26125247714732336,
            -0.9603816574484728,
            0.09702687885793201
          ],
          [
            -0.9598738192928221,
            -0.24786183016161673,
            0.13117455616522847
          ],
          [
            -0.10192837789643336,
            -0.12740323852029178,
            -0.9865997266338279
          ]
        ],
        "extent": [
          0.2886225207184826,
          0.27949983043203785,
          0.1875617015599148
        ]
      },
      "aabb": {
        "min_bound": [
          -0.11969400197267532,
          -0.11046899855136871,
          0.7725139856338501
        ],
        "max_bound": [
          0.17115600407123566,
          0.14155100286006927,
          0.9602670073509216
        ]
      }
    },
    {
      "label": "handlebar_0_0",
      "sanitized": "handlebar_0_0",
      "heat_ply": "/Users/yuanboli/Documents/GitHub/sketch_lib/controlNet_process/sketch/dsl_optimize/optimize_iteration/iter_000/heat_map/heatmaps/handlebar_0_0/heat_map_handlebar_0_0.ply",
      "min_heat": 0.5,
      "points_used": 4341,
      "obb": {
        "center": [
          0.01694933269177944,
          -0.08979762700799565,
          0.8309047366027567
        ],
        "R": [
          [
            0.9998049988360396,
            -0.009397135282438523,
            0.017368308810893827
          ],
          [
            -0.017122618527093198,
            0.025622687440963268,
            0.9995250341152434
          ],
          [
            -0.009837694711804583,
            -0.9996275164964129,
            0.0254567874243998
          ]
        ],
        "extent": [
          0.2996693578126809,
          0.11481341333611655,
          0.04863852093658444
        ]
      },
      "aabb": {
        "min_bound": [
          -0.13312500715255737,
          -0.1144229993224144,
          0.7734860181808472
        ],
        "max_bound": [
          0.16709500551223755,
          -0.06486699730157852,
          0.8888139724731445
        ]
      }
    },
    {
      "label": "headlight_0_0",
      "sanitized": "headlight_0_0",
      "heat_ply": "/Users/yuanboli/Documents/GitHub/sketch_lib/controlNet_process/sketch/dsl_optimize/optimize_iteration/iter_000/heat_map/heatmaps/headlight_0_0/heat_map_headlight_0_0.ply",
      "min_heat": 0.5,
      "points_used": 1293,
      "obb": {
        "center": [
          -0.01616274229939943,
          -0.09624012379962284,
          0.9974515520468499
        ],
        "R": [
          [
            0.0003449200843992264,
            -0.9999033351185513,
            -0.01389969240427695
          ],
          [
            0.03971255207132329,
            -0.013875032059300733,
            0.9991148065629575
          ],
          [
            -0.9992110859263511,
            -0.0008966070217844432,
            0.03970392748495636
          ]
        ],
        "extent": [
          0.45758674914041675,
          0.13596658745173068,
          0.05902895747874409
        ]
      },
      "aabb": {
        "min_bound": [
          -0.0838019996881485,
          -0.13220299780368805,
          0.768409013748169
        ],
        "max_bound": [
          0.05174599960446358,
          -0.057732000946998596,
          1.2267199754714966
        ]
      }
    },
    {
      "label": "seat_0_0",
      "sanitized": "seat_0_0",
      "heat_ply": "/Users/yuanboli/Documents/GitHub/sketch_lib/controlNet_process/sketch/dsl_optimize/optimize_iteration/iter_000/heat_map/heatmaps/seat_0_0/heat_map_seat_0_0.ply",
      "min_heat": 0.5,
      "points_used": 10108,
      "obb": {
        "center": [
          -0.01532468880860572,
          -0.0723141381450331,
          1.0622478471285184
        ],
        "R": [
          [
            0.08913869252150482,
            -0.9936355559473136,
            0.06886708540972113
          ],
          [
            0.31630047138429096,
            0.09380283648598048,
            0.9440100845167174
          ],
          [
            -0.944461913100593,
            -0.06236513308297838,
            0.32264885692949613
          ]
        ],
        "extent": [
          0.2657269022984924,
          0.1331584213366894,
          0.0974012548197486
        ]
      },
      "aabb": {
        "min_bound": [
          -0.06999099999666214,
          -0.14259199798107147,
          0.9355490207672119
        ],
        "max_bound": [
          0.06161699816584587,
          0.0012450000504031777,
          1.1881190538406372
        ]
      }
    },
    {
      "label": "unknown",
      "sanitized": "unknown",
      "heat_ply": "/Users/yuanboli/Documents/GitHub/sketch_lib/controlNet_process/sketch/dsl_optimize/optimize_iteration/iter_000/heat_map/heatmaps/unknown/heat_map_unknown.ply",
      "min_heat": 0.5,
      "points_used": 1461,
      "obb": {
        "center": [
          0.03250638444860538,
          0.03431793532897509,
          1.0050962182820349
        ],
        "R": [
          [
            0.04849064268669442,
            0.1331144126814861,
            0.9899137390239082
          ],
          [
            -0.0941808200421403,
            0.987273312341243,
            -0.12814593194846338
          ],
          [
            -0.9943734865270802,
            -0.08701700911438648,
            0.06041034196861871
          ]
        ],
        "extent": [
          0.4917267653335411,
          0.3594687163835017,
          0.2918076896836548
        ]
      },
      "aabb": {
        "min_bound": [
          -0.12374900281429291,
          -0.12284400314092636,
          0.769773006439209
        ],
        "max_bound": [
          0.17072999477386475,
          0.2086610049009323,
          1.2548580169677734
        ]
      }
    },
    {
      "label": "unknown_0_0",
      "sanitized": "unknown_0_0",
      "heat_ply": "/Users/yuanboli/Documents/GitHub/sketch_lib/controlNet_process/sketch/dsl_optimize/optimize_iteration/iter_000/heat_map/heatmaps/unknown_0_0/heat_map_unknown_0_0.ply",
      "min_heat": 0.5,
      "points_used": 19194,
      "obb": {
        "center": [
          -0.000590534586028077,
          0.03137539669296507,
          1.0711360673567025
        ],
        "R": [
          [
            -0.010620339495129806,
            -0.1242696577222703,
            -0.9921916450759894
          ],
          [
            -0.4184068502442264,
            0.9017600085896547,
            -0.10846471581621123
          ],
          [
            0.9081976194957316,
            0.41398784894967117,
            -0.061572273502856524
          ]
        ],
        "extent": [
          0.40025899363150713,
          0.27069048655918143,
          0.16083074041810333
        ]
      },
      "aabb": {
        "min_bound": [
          -0.07287199795246124,
          -0.139833003282547,
          0.8932210206985474
        ],
        "max_bound": [
          0.0765329971909523,
          0.14695300161838531,
          1.2647420167922974
        ]
      }
    },
    {
      "label": "unknown_10_0",
      "sanitized": "unknown_10_0",
      "heat_ply": "/Users/yuanboli/Documents/GitHub/sketch_lib/controlNet_process/sketch/dsl_optimize/optimize_iteration/iter_000/heat_map/heatmaps/unknown_10_0/heat_map_unknown_10_0.ply",
      "min_heat": 0.5,
      "points_used": 368,
      "obb": {
        "center": [
          0.008546389057606416,
          -0.08575978757094783,
          0.8141429503518958
        ],
        "R": [
          [
            0.46925665427530855,
            0.5133695603092685,
            0.7185053145010216
          ],
          [
            -0.0210484900985797,
            0.8199236449420989,
            -0.5720858130817728
          ],
          [
            -0.8828109386969069,
            0.2533316226070707,
            0.3955602804938272
          ]
        ],
        "extent": [
          0.09086930657394846,
          0.07368169000291325,
          0.059809718931618336
        ]
      },
      "aabb": {
        "min_bound": [
          -0.03382999822497368,
          -0.10946699976921082,
          0.7685750126838684
        ],
        "max_bound": [
          0.03939399868249893,
          -0.04579399898648262,
          0.8561829924583435
        ]
      }
    },
    {
      "label": "unknown_1_0",
      "sanitized": "unknown_1_0",
      "heat_ply": "/Users/yuanboli/Documents/GitHub/sketch_lib/controlNet_process/sketch/dsl_optimize/optimize_iteration/iter_000/heat_map/heatmaps/unknown_1_0/heat_map_unknown_1_0.ply",
      "min_heat": 0.5,
      "points_used": 200,
      "obb": {
        "center": [
          0.12798409238401767,
          -0.09551724236437693,
          0.8569422906716905
        ],
        "R": [
          [
            0.8497328722801035,
            0.1994722007209712,
            0.48802140004936057
          ],
          [
            -0.12264765835863035,
            -0.825474476326868,
            0.5509532111096441
          ],
          [
            0.5127490591563773,
            -0.5280177365130985,
            -0.6769679994370741
          ]
        ],
        "extent": [
          0.0955407936610337,
          0.034126630862678344,
          0.03250182735934205
        ]
      },
      "aabb": {
        "min_bound": [
          0.08039700239896774,
          -0.10999000072479248,
          0.8186479806900024
        ],
        "max_bound": [
          0.17072999477386475,
          -0.07741700112819672,
          0.8795070052146912
        ]
      }
    },
    {
      "label": "unknown_2_0",
      "sanitized": "unknown_2_0",
      "heat_ply": "/Users/yuanboli/Documents/GitHub/sketch_lib/controlNet_process/sketch/dsl_optimize/optimize_iteration/iter_000/heat_map/heatmaps/unknown_2_0/heat_map_unknown_2_0.ply",
      "min_heat": 0.5,
      "points_used": 917,
      "obb": {
        "center": [
          -0.05564004567697325,
          -0.03007067347881451,
          1.0791179922990612
        ],
        "R": [
          [
            0.0018021765831621518,
            -0.03255666929804421,
            -0.999468266351554
          ],
          [
            0.3736607696614681,
            -0.9270515508430125,
            0.0308715288828512
          ],
          [
            -0.9275636804961491,
            -0.373517717603574,
            0.010494439511207656
          ]
        ],
        "extent": [
          0.13992899204923753,
          0.07763091008529222,
          0.023773832108121146
        ]
      },
      "aabb": {
        "min_bound": [
          -0.06735599786043167,
          -0.08697099983692169,
          1.014420986175537
        ],
        "max_bound": [
          -0.043494001030921936,
          0.002300000051036477,
          1.1420389413833618
        ]
      }
    },
    {
      "label": "unknown_3_0",
      "sanitized": "unknown_3_0",
      "heat_ply": "/Users/yuanboli/Documents/GitHub/sketch_lib/controlNet_process/sketch/dsl_optimize/optimize_iteration/iter_000/heat_map/heatmaps/unknown_3_0/heat_map_unknown_3_0.ply",
      "min_heat": 0.5,
      "points_used": 355,
      "obb": {
        "center": [
          0.03616655094986131,
          0.06686559694808589,
          0.8107907067540999
        ],
        "R": [
          [
            0.8607291165590456,
            -0.3627545793268171,
            -0.35714773285701956
          ],
          [
            0.151940912644446,
            0.8526665805355307,
            -0.4998736455371681
          ],
          [
            0.48585939012460994,
            0.3759904488351658,
            0.7890322144326383
          ]
        ],
        "extent": [
          0.06527791906495244,
          0.041082959082015306,
          0.021642952985115305
        ]
      },
      "aabb": {
        "min_bound": [
          0.007091999985277653,
          0.04976100102066994,
          0.7891200184822083
        ],
        "max_bound": [
          0.05519299954175949,
          0.08792900294065475,
          0.8416320085525513
        ]
      }
    },
    {
      "label": "unknown_41_0",
      "sanitized": "unknown_41_0",
      "heat_ply": "/Users/yuanboli/Documents/GitHub/sketch_lib/controlNet_process/sketch/dsl_optimize/optimize_iteration/iter_000/heat_map/heatmaps/unknown_41_0/heat_map_unknown_41_0.ply",
      "min_heat": 0.5,
      "points_used": 274,
      "obb": {
        "center": [
          0.011554974230720204,
          0.09066190253691706,
          1.0502567516103378
        ],
        "R": [
          [
            0.3393239579343335,
            -0.905713866646654,
            -0.25405047399236563
          ],
          [
            0.24286849720422055,
            -0.17656383556689323,
            0.9538553900018969
          ],
          [
            -0.9087761796160495,
            -0.38536684306498686,
            0.1600570261768716
          ]
        ],
        "extent": [
          0.08521741901285096,
          0.040403781553308336,
          0.008828629885742118
        ]
      },
      "aabb": {
        "min_bound": [
          -0.013439999893307686,
          0.07690300047397614,
          1.009742021560669
        ],
        "max_bound": [
          0.041297998279333115,
          0.10336600244045258,
          1.0892839431762695
        ]
      }
    },
    {
      "label": "unknown_4_0",
      "sanitized": "unknown_4_0",
      "heat_ply": "/Users/yuanboli/Documents/GitHub/sketch_lib/controlNet_process/sketch/dsl_optimize/optimize_iteration/iter_000/heat_map/heatmaps/unknown_4_0/heat_map_unknown_4_0.ply",
      "min_heat": 0.5,
      "points_used": 393,
      "obb": {
        "center": [
          0.04146644961347463,
          0.06684961642866642,
          0.8120546817658201
        ],
        "R": [
          [
            0.7590396672425777,
            -0.5446108355781427,
            -0.3567321422624468
          ],
          [
            0.25122495617601237,
            0.7505147404292296,
            -0.6112394340950256
          ],
          [
            0.6006203500936661,
            0.37433495985457127,
            0.7064902921371523
          ]
        ],
        "extent": [
          0.07441656429038802,
          0.03721269692148028,
          0.02163841680223575
        ]
      },
      "aabb": {
        "min_bound": [
          0.00659500015899539,
          0.04791700094938278,
          0.7891200184822083
        ],
        "max_bound": [
          0.05856100097298622,
          0.08792900294065475,
          0.844763994216919
        ]
      }
    },
    {
      "label": "unknown_5_0",
      "sanitized": "unknown_5_0",
      "heat_ply": "/Users/yuanboli/Documents/GitHub/sketch_lib/controlNet_process/sketch/dsl_optimize/optimize_iteration/iter_000/heat_map/heatmaps/unknown_5_0/heat_map_unknown_5_0.ply",
      "min_heat": 0.5,
      "points_used": 721,
      "obb": {
        "center": [
          -0.08917571971377791,
          -0.08989719945594404,
          0.8370981075065858
        ],
        "R": [
          [
            0.3564872888419504,
            -0.9228905120934482,
            0.1455675636328671
          ],
          [
            0.009972299467951723,
            -0.15203645600127186,
            -0.9883245768925788
          ],
          [
            0.9342469513664132,
            0.35377679224967024,
            -0.0449957234423047
          ]
        ],
        "extent": [
          0.10832599073319045,
          0.09919559470464481,
          0.03996112909538044
        ]
      },
      "aabb": {
        "min_bound": [
          -0.12739600241184235,
          -0.1118139997124672,
          0.7934120297431946
        ],
        "max_bound": [
          -0.03252600133419037,
          -0.06781099736690521,
          0.8891689777374268
        ]
      }
    },
    {
      "label": "unknown_6_0",
      "sanitized": "unknown_6_0",
      "heat_ply": "/Users/yuanboli/Documents/GitHub/sketch_lib/controlNet_process/sketch/dsl_optimize/optimize_iteration/iter_000/heat_map/heatmaps/unknown_6_0/heat_map_unknown_6_0.ply",
      "min_heat": 0.5,
      "points_used": 543,
      "obb": {
        "center": [
          -0.004208186442418351,
          -0.03419768708249583,
          0.9815867710341476
        ],
        "R": [
          [
            0.9606457105050714,
            0.06887394844666746,
            0.26910257916558983
          ],
          [
            -0.01851642737987595,
            -0.9507411860816847,
            0.30943228500768505
          ],
          [
            0.2771587285388871,
            -0.30223761564927226,
            -0.9120501427450962
          ]
        ],
        "extent": [
          0.13641006949741885,
          0.09748112433690428,
          0.09411879137722984
        ]
      },
      "aabb": {
        "min_bound": [
          -0.06966400146484375,
          -0.09282799810171127,
          0.9362030029296875
        ],
        "max_bound": [
          0.06198100000619888,
          0.008204000070691109,
          1.0314300060272217
        ]
      }
    },
    {
      "label": "unknown_7_0",
      "sanitized": "unknown_7_0",
      "heat_ply": "/Users/yuanboli/Documents/GitHub/sketch_lib/controlNet_process/sketch/dsl_optimize/optimize_iteration/iter_000/heat_map/heatmaps/unknown_7_0/heat_map_unknown_7_0.ply",
      "min_heat": 0.5,
      "points_used": 23343,
      "obb": {
        "center": [
          -0.0005540054241347219,
          0.047739284040381316,
          1.0893027410509193
        ],
        "R": [
          [
            -0.05251522185989987,
            -9.513065965254586e-05,
            0.9986201191760374
          ],
          [
            -0.7160786555877378,
            -0.6969995013725304,
            -0.03772338927114206
          ],
          [
            0.6960413137771806,
            -0.7170716045393247,
            0.03653496241594885
          ]
        ],
        "extent": [
          0.38668327721773654,
          0.2899753439164967,
          0.13883341810729433
        ]
      },
      "aabb": {
        "min_bound": [
          -0.072843998670578,
          -0.12843400239944458,
          0.8880159854888916
        ],
        "max_bound": [
          0.07714299857616425,
          0.13647399842739105,
          1.2647429704666138
        ]
      }
    },
    {
      "label": "unknown_8_0",
      "sanitized": "unknown_8_0",
      "heat_ply": "/Users/yuanboli/Documents/GitHub/sketch_lib/controlNet_process/sketch/dsl_optimize/optimize_iteration/iter_000/heat_map/heatmaps/unknown_8_0/heat_map_unknown_8_0.ply",
      "min_heat": 0.5,
      "points_used": 1113,
      "obb": {
        "center": [
          -0.03589206285425503,
          0.0647049933806706,
          0.9516017983240266
        ],
        "R": [
          [
            0.3286962266343071,
            -0.18255663076096032,
            0.9266239081534509
          ],
          [
            0.9323009685689615,
            0.2194941691718365,
            -0.2874668914935105
          ],
          [
            -0.15090955768852,
            0.9583816495868291,
            0.24234462885214447
          ]
        ],
        "extent": [
          0.140341858771873,
          0.10438038492663082,
          0.06666832853716612
        ]
      },
      "aabb": {
        "min_bound": [
          -0.07287199795246124,
          0.002179000061005354,
          0.8932210206985474
        ],
        "max_bound": [
          0.012482999823987484,
          0.13193899393081665,
          0.9964609742164612
        ]
      }
    },
    {
      "label": "unknown_9_0",
      "sanitized": "unknown_9_0",
      "heat_ply": "/Users/yuanboli/Documents/GitHub/sketch_lib/controlNet_process/sketch/dsl_optimize/optimize_iteration/iter_000/heat_map/heatmaps/unknown_9_0/heat_map_unknown_9_0.ply",
      "min_heat": 0.5,
      "points_used": 617,
      "obb": {
        "center": [
          -0.0017620299250908173,
          -0.03463660953661842,
          0.9807772871213566
        ],
        "R": [
          [
            0.9434752416739044,
            0.10364114092730731,
            0.31482214384578144
          ],
          [
            0.013271517309195856,
            -0.9609043967881596,
            0.2765621215233479
          ],
          [
            0.33117719603964213,
            -0.25675134691072093,
            -0.9079649831809878
          ]
        ],
        "extent": [
          0.13776840752291028,
          0.09903907743033849,
          0.09294993733844864
        ]
      },
      "aabb": {
        "min_bound": [
          -0.07048600167036057,
          -0.09310899674892426,
          0.9362030029296875
        ],
        "max_bound": [
          0.06198100000619888,
          0.010587000288069248,
          1.0318280458450317
        ]
      }
    },
    {
      "label": "wheel_0_0",
      "sanitized": "wheel_0_0",
      "heat_ply": "/Users/yuanboli/Documents/GitHub/sketch_lib/controlNet_process/sketch/dsl_optimize/optimize_iteration/iter_000/heat_map/heatmaps/wheel_0_0/heat_map_wheel_0_0.ply",
      "min_heat": 0.5,
      "points_used": 12611,
      "obb": {
        "center": [
          0.010251711300343278,
          0.10676778598101402,
          1.0162412777821155
        ],
        "R": [
          [
            0.09922056000299474,
            -0.36033738129794673,
            -0.927530189326488
          ],
          [
            0.2383356710352836,
            -0.8963914986321709,
            0.37373572092072216
          ],
          [
            -0.9661011274110248,
            -0.25814579760148926,
            -0.00305921490546471
          ]
        ],
        "extent": [
          0.4947433782826275,
          0.15513733101006863,
          0.11339319863062867
        ]
      },
      "aabb": {
        "min_bound": [
          -0.07132499665021896,
          0.002119000069797039,
          0.7726359963417053
        ],
        "max_bound": [
          0.07665000110864639,
          0.2157669961452484,
          1.2431960105895996
        ]
      }
    },
    {
      "label": "wheel_1_0",
      "sanitized": "wheel_1_0",
      "heat_ply": "/Users/yuanboli/Documents/GitHub/sketch_lib/controlNet_process/sketch/dsl_optimize/optimize_iteration/iter_000/heat_map/heatmaps/wheel_1_0/heat_map_wheel_1_0.ply",
      "min_heat": 0.5,
      "points_used": 5486,
      "obb": {
        "center": [
          -0.01170596862739513,
          0.09538820911955007,
          1.0614058468751937
        ],
        "R": [
          [
            0.0858522139171449,
            -0.9046205416107815,
            -0.417481823629893
          ],
          [
            -0.22128317427068622,
            0.39124963576777416,
            -0.893284657483981
          ],
          [
            0.9714232621006221,
            0.16907216863635577,
            -0.16658765753316115
          ]
        ],
        "extent": [
          0.4432702257712834,
          0.12558566446363278,
          0.11824754576594759
        ]
      },
      "aabb": {
        "min_bound": [
          -0.05711200088262558,
          -0.007263000123202801,
          0.8458409905433655
        ],
        "max_bound": [
          0.059852998703718185,
          0.15017099678516388,
          1.264117956161499
        ]
      }
    }
  ],
  "note": "OBB is computed from points with heat>=min_heat (heat recovered from PLY colors)."
}