{
  "source_ply": "/Users/yuanboli/Documents/GitHub/sketch_lib/controlNet_process/sketch/clusters/labeled_clusters.ply",
  "source_cluster_ids": "/Users/yuanboli/Documents/GitHub/sketch_lib/controlNet_process/sketch/clusters/final_cluster_ids.npy",
  "neighbor_dist_thresh": 0.02,
  "distance_mode": "aabb_min_distance_approx",
  "primitives": [
    {
      "cluster_id": 0,
      "label": "fender_0_0",
      "members": [
        0,
        4,
        9,
        12,
        14,
        20,
        23,
        25,
        27,
        28
      ],
      "parameters": {
        "center": [
          0.023235273178103224,
          0.013749736192547862,
          0.8985971865948625
        ],
        "extent": [
          0.27048529045165715,
          0.2814717093078648,
          0.2832399358304418
        ],
        "rotation": [
          [
            0.04390242140364987,
            0.18328227519510915,
            0.9820795207080742
          ],
          [
            -0.9680845872119561,
            0.250599361081075,
            -0.0034917371627400766
          ],
          [
            -0.24674847395182187,
            -0.9505827516976423,
            0.18843466447919216
          ]
        ]
      },
      "point_count": 16767
    },
    {
      "cluster_id": 2,
      "label": "wheel_0_0",
      "members": [
        2,
        7,
        8,
        13,
        24
      ],
      "parameters": {
        "center": [
          0.0031688480186519716,
          0.10318789363293691,
          0.9494669048189412
        ],
        "extent": [
          0.3659472714955719,
          0.1828240628810036,
          0.1030536410231824
        ],
        "rotation": [
          [
            0.16646897211966658,
            0.1521278892944567,
            0.974240825781919
          ],
          [
            0.3568235003206634,
            0.9117720222694377,
            -0.2033439672712461
          ],
          [
            -0.9192198164423628,
            0.3814824828291774,
            0.09749894540022061
          ]
        ]
      },
      "point_count": 11722
    },
    {
      "cluster_id": 4,
      "label": "seat_0_0",
      "members": [
        3,
        6,
        11,
        26
      ],
      "parameters": {
        "center": [
          -0.014921076606723099,
          -0.0751528415572528,
          1.0734610818500079
        ],
        "extent": [
          0.26564865694379514,
          0.1436505312573306,
          0.10001039013225455
        ],
        "rotation": [
          [
            0.1930150175190504,
            -0.9804062191318308,
            0.039355412585174915
          ],
          [
            0.3689320889964548,
            0.10968207262809766,
            0.922962055911681
          ],
          [
            -0.9091943228599884,
            -0.163626062812846,
            0.38287360165926043
          ]
        ]
      },
      "point_count": 8696
    },
    {
      "cluster_id": 5,
      "label": "wheel_1_0",
      "members": [
        5,
        19,
        22
      ],
      "parameters": {
        "center": [
          -0.00811767630165861,
          0.06538782623187145,
          1.175413002798176
        ],
        "extent": [
          0.2161636224480213,
          0.1418999561127823,
          0.12171760088676142
        ],
        "rotation": [
          [
            0.31303543463624084,
            -0.7809806698921717,
            -0.5404424205379094
          ],
          [
            0.6260776377428665,
            -0.25820863493415463,
            0.7357683686893265
          ],
          [
            -0.7141677731320646,
            -0.5686804850706723,
            0.4081260806654888
          ]
        ]
      },
      "point_count": 8651
    },
    {
      "cluster_id": 6,
      "label": "handlebar_0_0",
      "members": [
        10,
        15,
        21,
        29
      ],
      "parameters": {
        "center": [
          0.015369331058507416,
          -0.09527433601469545,
          0.8315425795971038
        ],
        "extent": [
          0.29834199368755304,
          0.10855567728787549,
          0.05642056785407658
        ],
        "rotation": [
          [
            0.9939858636520816,
            -0.1092668862661088,
            0.007269829814703143
          ],
          [
            -0.03273277602440803,
            -0.3598042909969042,
            -0.932453450609708
          ],
          [
            0.10450200109835907,
            0.9266075867085939,
            -0.36121698744731573
          ]
        ]
      },
      "point_count": 4018
    },
    {
      "cluster_id": 7,
      "label": "headlight_0_0",
      "members": [
        16,
        30
      ],
      "parameters": {
        "center": [
          0.018233245532501458,
          -0.08477611858227492,
          0.8028547674381273
        ],
        "extent": [
          0.10142763135997085,
          0.07479795941757854,
          0.06956624288650372
        ],
        "rotation": [
          [
            0.8823680154848027,
            -0.07480718777329355,
            0.4645756880281856
          ],
          [
            0.3151750833188233,
            -0.6391557685815732,
            -0.7015301635310283
          ],
          [
            0.34941572961786305,
            0.7654304593797857,
            -0.5403932454696919
          ]
        ]
      },
      "point_count": 1180
    },
    {
      "cluster_id": 8,
      "label": "unknown_0_0",
      "members": [
        31
      ],
      "parameters": {
        "center": [
          0.0007877386556181549,
          0.0265897381498637,
          1.070327181275519
        ],
        "extent": [
          0.39914791195695754,
          0.26546987112221043,
          0.15904020889277815
        ],
        "rotation": [
          [
            -0.012275472946242533,
            -0.09959847079642807,
            -0.9949519874742494
          ],
          [
            -0.351198245286309,
            0.9320644279438096,
            -0.08897018978060191
          ],
          [
            0.9362206498853588,
            0.3483332409874082,
            -0.046420339846284485
          ]
        ]
      },
      "point_count": 20182
    },
    {
      "cluster_id": 9,
      "label": "unknown_1_0",
      "members": [
        32
      ],
      "parameters": {
        "center": [
          0.12468860352887172,
          -0.09439416583053459,
          0.8547318043544391
        ],
        "extent": [
          0.10378243820071517,
          0.03238036482237224,
          0.031073432935725065
        ],
        "rotation": [
          [
            0.8389884827482216,
            0.29312363787615003,
            0.4584504975829873
          ],
          [
            -0.08732136597994454,
            -0.7590644889056799,
            0.6451326070861365
          ],
          [
            0.5370971093379981,
            -0.581291350873734,
            -0.6112504073946746
          ]
        ]
      },
      "point_count": 230
    },
    {
      "cluster_id": 10,
      "label": "unknown_2_0",
      "members": [
        33
      ],
      "parameters": {
        "center": [
          -0.055682715469145966,
          -0.03018709272929356,
          1.0793062215042653
        ],
        "extent": [
          0.14035608227277596,
          0.0782330754015654,
          0.02372596776659134
        ],
        "rotation": [
          [
            0.0024025287819132326,
            -0.04058274354717881,
            -0.999173292668312
          ],
          [
            0.3849741392091038,
            -0.9221290320620544,
            0.03837916581308647
          ],
          [
            -0.9229242330742333,
            -0.3847480853162011,
            0.013407865223652097
          ]
        ]
      },
      "point_count": 976
    },
    {
      "cluster_id": 11,
      "label": "unknown_3_0",
      "members": [
        34
      ],
      "parameters": {
        "center": [
          0.040799298742503,
          0.06712086715222598,
          0.8114182849049743
        ],
        "extent": [
          0.07308319218746104,
          0.0382530976295155,
          0.020441268342008545
        ],
        "rotation": [
          [
            0.8074337191153981,
            -0.4826700813012796,
            -0.33923499502865634
          ],
          [
            0.2177421155323165,
            0.7782307802333602,
            -0.5890205631562336
          ],
          [
            0.5483057179703562,
            0.4017293184645495,
            0.7334673778205959
          ]
        ]
      },
      "point_count": 378
    },
    {
      "cluster_id": 12,
      "label": "unknown_4_0",
      "members": [
        35
      ],
      "parameters": {
        "center": [
          0.03772391073450232,
          -0.08073496603961168,
          0.8203806766402945
        ],
        "extent": [
          0.09800828327265498,
          0.08162160358493722,
          0.05515555737027557
        ],
        "rotation": [
          [
            0.887842220264648,
            0.29677318711660156,
            -0.35165589334489317
          ],
          [
            -0.14246090301796574,
            -0.5493947245938834,
            -0.823328808981999
          ],
          [
            -0.437539807362537,
            0.7810832938919292,
            -0.4454972558569675
          ]
        ]
      },
      "point_count": 142
    },
    {
      "cluster_id": 13,
      "label": "unknown_5_0",
      "members": [
        36
      ],
      "parameters": {
        "center": [
          -0.09075371925848147,
          -0.0897894504784058,
          0.8372375313787134
        ],
        "extent": [
          0.10887141416037925,
          0.09910564451656328,
          0.040075414795152794
        ],
        "rotation": [
          [
            0.3990938222835245,
            -0.901949397507887,
            0.16495879894775478
          ],
          [
            0.020776788402216806,
            -0.17096534439015829,
            -0.9850579556966401
          ],
          [
            0.9166746675232255,
            0.39655785877058847,
            -0.04949160098915909
          ]
        ]
      },
      "point_count": 757
    },
    {
      "cluster_id": 14,
      "label": "unknown_6_0",
      "members": [
        37
      ],
      "parameters": {
        "center": [
          -0.005141064914205086,
          -0.032272903982907386,
          0.9813852522966822
        ],
        "extent": [
          0.1380608700097647,
          0.10167871072073072,
          0.09413809225090924
        ],
        "rotation": [
          [
            0.9546680917406428,
            -0.01112143791704313,
            -0.2974645327277472
          ],
          [
            -0.07844331707789391,
            0.9545805632354418,
            -0.2874414623865593
          ],
          [
            0.2871506235725366,
            0.29774529704390656,
            0.9104352022357985
          ]
        ]
      },
      "point_count": 585
    },
    {
      "cluster_id": 15,
      "label": "unknown_7_0",
      "members": [
        38
      ],
      "parameters": {
        "center": [
          0.008160160559168609,
          -0.08608228205831145,
          0.8145639817547364
        ],
        "extent": [
          0.0886092398300602,
          0.06811301736665804,
          0.06089532577180984
        ],
        "rotation": [
          [
            -0.4953374010381251,
            -0.4160304939607609,
            0.7626004768078506
          ],
          [
            -0.10929832477006432,
            -0.8410403269389644,
            -0.529816047949529
          ],
          [
            0.8617973864750654,
            -0.3457886588035607,
            0.37112729367102815
          ]
        ]
      },
      "point_count": 347
    }
  ]
}