{
  "source_ply": "/Users/yuanboli/Documents/GitHub/sketch_lib/controlNet_process/sketch/clusters/labeled_clusters.ply",
  "source_cluster_ids": "/Users/yuanboli/Documents/GitHub/sketch_lib/controlNet_process/sketch/clusters/final_cluster_ids.npy",
  "neighbor_dist_thresh": 0.02,
  "distance_mode": "aabb_min_distance_approx",
  "primitives": [
    {
      "cluster_id": 0,
      "label": "fender_0_0",
      "members": [
        0
      ],
      "parameters": {
        "center": [
          0.004302097479093197,
          -0.0014885581946466608,
          0.8556819740457695
        ],
        "extent": [
          0.28910675505974515,
          0.27918002190450186,
          0.18689073520268915
        ],
        "rotation": [
          [
            0.26647961718799273,
            -0.9614357409850599,
            0.06804358588323885
          ],
          [
            -0.9575336919117635,
            -0.25601252490620235,
            0.1326152930282903
          ],
          [
            -0.11008107229296513,
            -0.10049329852114511,
            -0.9888292342336826
          ]
        ]
      },
      "point_count": 14975
    },
    {
      "cluster_id": 1,
      "label": "handlebar_0_0",
      "members": [
        1
      ],
      "parameters": {
        "center": [
          0.017076627364719137,
          -0.09021891076495867,
          0.8315993785727872
        ],
        "extent": [
          0.3001327643296854,
          0.11545663571890205,
          0.048566494834677065
        ],
        "rotation": [
          [
            0.9998249511314165,
            0.0015646932086522613,
            -0.01864453888472047
          ],
          [
            -0.018534325635359675,
            -0.05343661115280625,
            -0.9983992224364694
          ],
          [
            -0.002558489457376226,
            0.9985700177371973,
            -0.053398256601034415
          ]
        ]
      },
      "point_count": 4472
    },
    {
      "cluster_id": 2,
      "label": "headlight_0_0",
      "members": [
        2
      ],
      "parameters": {
        "center": [
          -0.01617264966425032,
          -0.09754440043545459,
          0.9973961307512474
        ],
        "extent": [
          0.4575383935455325,
          0.13673260219252906,
          0.05939198945672022
        ],
        "rotation": [
          [
            0.00026192135999148104,
            -0.9992950789648162,
            -0.03754033236271748
          ],
          [
            0.04144154698645432,
            -0.037497237101604616,
            0.9984370563000533
          ],
          [
            -0.9991408957602379,
            -0.0018172414391486708,
            0.041402512640915434
          ]
        ]
      },
      "point_count": 1355
    },
    {
      "cluster_id": 3,
      "label": "seat_0_0",
      "members": [
        3
      ],
      "parameters": {
        "center": [
          -0.015280307665374825,
          -0.07271976471351257,
          1.0620392113974824
        ],
        "extent": [
          0.266169928417923,
          0.13193899321272196,
          0.0956712772454178
        ],
        "rotation": [
          [
            0.0857893932898138,
            -0.9946766974406135,
            0.057082813241815626
          ],
          [
            0.3217175390784715,
            0.08188139526314162,
            0.9432885360053166
          ],
          [
            -0.9429411461211447,
            -0.06255960900129989,
            0.3270294945006439
          ]
        ]
      },
      "point_count": 10332
    },
    {
      "cluster_id": 4,
      "label": "wheel_0_0",
      "members": [
        4
      ],
      "parameters": {
        "center": [
          0.010831201451583868,
          0.10709374583446563,
          1.0162386321667882
        ],
        "extent": [
          0.49449287794841723,
          0.15487265835117858,
          0.11645837582276286
        ],
        "rotation": [
          [
            0.09992980636075705,
            -0.38418466226968984,
            -0.9178323262325347
          ],
          [
            0.23232920739543236,
            -0.8879412112548491,
            0.3969679391919221
          ],
          [
            -0.967490141134116,
            -0.25290818617038824,
            0.0005255247781657675
          ]
        ]
      },
      "point_count": 12946
    },
    {
      "cluster_id": 5,
      "label": "wheel_1_0",
      "members": [
        5
      ],
      "parameters": {
        "center": [
          -0.012162860380447107,
          0.10846124669604403,
          1.0412888246196088
        ],
        "extent": [
          0.49366947723850774,
          0.12231365498784395,
          0.13067205669845738
        ],
        "rotation": [
          [
            0.08080912578900151,
            -0.8328525106963451,
            -0.5475642251060707
          ],
          [
            -0.25146854636886623,
            0.5145538276778653,
            -0.819754797856766
          ],
          [
            0.9644861094781753,
            0.20393884830716327,
            -0.16785556521843772
          ]
        ]
      },
      "point_count": 5933
    },
    {
      "cluster_id": 6,
      "label": "unknown_0_0",
      "members": [
        6
      ],
      "parameters": {
        "center": [
          -0.11981462952030947,
          -0.09143783682767155,
          0.7992127554837003
        ],
        "extent": [
          0.023161591727579173,
          0.023286566344455608,
          0.004267185573478244
        ],
        "rotation": [
          [
            0.515193785506732,
            -0.74684077848204,
            -0.4204809329465294
          ],
          [
            -0.6560100517911408,
            -0.027891056226882288,
            -0.7542366345726875
          ],
          [
            0.5515670179807964,
            0.6644177455328006,
            -0.5043043566110476
          ]
        ]
      },
      "point_count": 56
    },
    {
      "cluster_id": 7,
      "label": "unknown_1_0",
      "members": [
        7
      ],
      "parameters": {
        "center": [
          -0.10967433760743389,
          -0.10526749365326325,
          0.8425784727839015
        ],
        "extent": [
          0.018521344477124748,
          0.006121429041618328,
          0.003455186316930341
        ],
        "rotation": [
          [
            0.44784915039635476,
            -0.7945977420507916,
            -0.4099336126948449
          ],
          [
            -0.14665434913514797,
            -0.5175552319562778,
            0.8429881871974422
          ],
          [
            -0.8819997961275328,
            -0.31741299627215547,
            -0.34831788559952437
          ]
        ]
      },
      "point_count": 24
    },
    {
      "cluster_id": 8,
      "label": "unknown_2_0",
      "members": [
        8
      ],
      "parameters": {
        "center": [
          -0.10415065720580034,
          -0.0874506981583981,
          0.8707720716022279
        ],
        "extent": [
          0.011656719808178942,
          0.005521919554224388,
          0.0010050436181242703
        ],
        "rotation": [
          [
            0.5666416754177571,
            -0.5937591453316895,
            0.5712856457278961
          ],
          [
            -0.12138213178899042,
            0.6256203592307544,
            0.7706267217001642
          ],
          [
            -0.8149745945501109,
            -0.5060130862447765,
            0.2824308177004043
          ]
        ]
      },
      "point_count": 11
    },
    {
      "cluster_id": 9,
      "label": "unknown_3_0",
      "members": [
        9
      ],
      "parameters": {
        "center": [
          -0.08939641929967601,
          -0.08702989360659848,
          0.8597359044053373
        ],
        "extent": [
          0.026851701839071897,
          0.01746427155856477,
          0.006378977343371391
        ],
        "rotation": [
          [
            0.6214083915807715,
            -0.7681545108859579,
            0.15424090987333175
          ],
          [
            -0.4573524221013302,
            -0.515484690219702,
            -0.724640804914507
          ],
          [
            0.6361449307123694,
            0.3797554233380382,
            -0.6716438383356927
          ]
        ]
      },
      "point_count": 47
    },
    {
      "cluster_id": 10,
      "label": "unknown_4_0",
      "members": [
        10
      ],
      "parameters": {
        "center": [
          -0.08332886484336159,
          -0.09337362430798186,
          0.8759336564135761
        ],
        "extent": [
          0.030679278310184483,
          0.006069633859209271,
          0.005968339163051409
        ],
        "rotation": [
          [
            0.6486409707096269,
            -0.7332017124857393,
            -0.20415714517217468
          ],
          [
            -0.0730413397670759,
            -0.3269713692020533,
            0.9422073478842994
          ],
          [
            -0.7575815822747433,
            -0.596242377335018,
            -0.26564106171294843
          ]
        ]
      },
      "point_count": 30
    },
    {
      "cluster_id": 11,
      "label": "unknown_5_0",
      "members": [
        11
      ],
      "parameters": {
        "center": [
          -0.08110655882532386,
          -0.10432563296875134,
          0.8005228567955338
        ],
        "extent": [
          0.011581681862171345,
          0.002296153142814488,
          0.0011722351215332533
        ],
        "rotation": [
          [
            0.9226655772741014,
            0.04576909991894545,
            0.382875204219415
          ],
          [
            0.15904234806737283,
            0.8593686110549332,
            -0.4859949813061153
          ],
          [
            -0.3512744853169183,
            0.5093042114749536,
            0.7856306104902033
          ]
        ]
      },
      "point_count": 10
    },
    {
      "cluster_id": 12,
      "label": "unknown_6_0",
      "members": [
        12
      ],
      "parameters": {
        "center": [
          -0.07012902807888341,
          0.016645129689242824,
          0.9664287102214238
        ],
        "extent": [
          0.029930925609318353,
          0.00479116584192362,
          0.0039585619095293565
        ],
        "rotation": [
          [
            0.09358642212925507,
            -0.24245168954951357,
            0.9656390422034681
          ],
          [
            0.9837757429060805,
            -0.1265857889848659,
            -0.12712720281933523
          ],
          [
            0.15305838514316772,
            0.9618696461899946,
            0.22667137992190464
          ]
        ]
      },
      "point_count": 34
    },
    {
      "cluster_id": 13,
      "label": "unknown_7_0",
      "members": [
        13
      ],
      "parameters": {
        "center": [
          -0.002045974149456172,
          0.045934929120489965,
          1.090695841480001
        ],
        "extent": [
          0.38244480432890243,
          0.2952893866285031,
          0.1378825437395767
        ],
        "rotation": [
          [
            -0.058963656373220784,
            0.011125721467519953,
            0.9981981294056447
          ],
          [
            -0.7457912378610838,
            -0.6651713564944438,
            -0.036640087731528354
          ],
          [
            0.6635651563763224,
            -0.7466078521025404,
            0.04751840087900686
          ]
        ]
      },
      "point_count": 23931
    },
    {
      "cluster_id": 14,
      "label": "unknown_8_0",
      "members": [
        14
      ],
      "parameters": {
        "center": [
          -0.06188430727305067,
          0.04964561104303468,
          0.982197844867959
        ],
        "extent": [
          0.024316237165772737,
          0.015259541967499266,
          0.001608209267895097
        ],
        "rotation": [
          [
            0.16180117263821242,
            0.5016149823252796,
            0.8498251526282974
          ],
          [
            0.11850944931926494,
            0.8450629777543895,
            -0.5213675038309625
          ],
          [
            -0.9796815252697909,
            0.18507018435094727,
            0.07728606542813815
          ]
        ]
      },
      "point_count": 43
    },
    {
      "cluster_id": 15,
      "label": "unknown_9_0",
      "members": [
        15
      ],
      "parameters": {
        "center": [
          -0.05814504976783926,
          -0.07122275116523606,
          1.0804560466881754
        ],
        "extent": [
          0.028524555937464592,
          0.009466652653814703,
          0.000509872125732615
        ],
        "rotation": [
          [
            0.1701992375986851,
            0.06590821126139147,
            0.9832030956059639
          ],
          [
            0.4256937015971438,
            0.8949379917289558,
            -0.13368194859690413
          ],
          [
            -0.888716541953253,
            0.44129593092217306,
            0.12426105347285835
          ]
        ]
      },
      "point_count": 41
    },
    {
      "cluster_id": 16,
      "label": "unknown_10_0",
      "members": [
        16
      ],
      "parameters": {
        "center": [
          -0.05808696588293663,
          -0.009176108518611042,
          1.0816960441421688
        ],
        "extent": [
          0.013974006090487712,
          0.004426629022586524,
          0.00011517817061380738
        ],
        "rotation": [
          [
            -0.014100286307485069,
            0.31980707113255924,
            0.9473777594917782
          ],
          [
            -0.8500914542801103,
            0.4950085499089421,
            -0.17975276041544846
          ],
          [
            -0.5264462947784646,
            -0.8078923027054168,
            0.2648854959097709
          ]
        ]
      },
      "point_count": 15
    },
    {
      "cluster_id": 17,
      "label": "unknown_11_0",
      "members": [
        17
      ],
      "parameters": {
        "center": [
          -0.057596031253545295,
          0.009101549380815425,
          1.0920388715346752
        ],
        "extent": [
          0.01705786233443568,
          0.004928356957204373,
          0.00015864115215819848
        ],
        "rotation": [
          [
            0.002619444896140806,
            -0.26237509025086325,
            -0.9649624088659038
          ],
          [
            -0.8759541074330003,
            -0.46609086526851423,
            0.12435315430057932
          ],
          [
            -0.4823873341824929,
            0.8449370493291788,
            -0.23104943733151329
          ]
        ]
      },
      "point_count": 20
    },
    {
      "cluster_id": 18,
      "label": "unknown_12_0",
      "members": [
        18
      ],
      "parameters": {
        "center": [
          -0.0575017717681716,
          -0.00951182647658794,
          0.9920809433861856
        ],
        "extent": [
          0.013846178575934513,
          0.002791388987016064,
          0.0004151716582585501
        ],
        "rotation": [
          [
            0.005494277541312696,
            -0.021736022599354275,
            -0.9997486475288972
          ],
          [
            0.994056788717163,
            0.1088186963411205,
            0.0030971167140746393
          ],
          [
            0.108724025494003,
            -0.9938239465057075,
            0.022204720943979735
          ]
        ]
      },
      "point_count": 13
    },
    {
      "cluster_id": 19,
      "label": "unknown_13_0",
      "members": [
        19
      ],
      "parameters": {
        "center": [
          -0.0552827401320567,
          0.012438882071769884,
          0.9945003601834644
        ],
        "extent": [
          0.01641177768852466,
          0.004032649194914787,
          0.00039270919969357633
        ],
        "rotation": [
          [
            0.12049131163892866,
            -0.2674623668858759,
            0.9560050868689642
          ],
          [
            0.9746381967166396,
            -0.15106661446432787,
            -0.1651037961260219
          ],
          [
            0.188579503977679,
            0.9516526468696923,
            0.24247682442955515
          ]
        ]
      },
      "point_count": 17
    },
    {
      "cluster_id": 20,
      "label": "unknown_14_0",
      "members": [
        20
      ],
      "parameters": {
        "center": [
          -0.05381541525408368,
          0.03205591739437348,
          1.002708406477295
        ],
        "extent": [
          0.018701295587864132,
          0.009687892627707254,
          0.002569382654233639
        ],
        "rotation": [
          [
            0.18299767937200778,
            -0.08020689866044164,
            0.97983605911996
          ],
          [
            0.8064039169488613,
            -0.5578445727645207,
            -0.19627061768564244
          ],
          [
            0.5623384853217803,
            0.8260607036074546,
            -0.03740510502007591
          ]
        ]
      },
      "point_count": 23
    },
    {
      "cluster_id": 21,
      "label": "unknown_15_0",
      "members": [
        21
      ],
      "parameters": {
        "center": [
          -0.05197641219004503,
          0.03092042463088382,
          0.943232520736036
        ],
        "extent": [
          0.058994493300886935,
          0.010363106837284721,
          0.0070142378740258166
        ],
        "rotation": [
          [
            0.11963583869881615,
            0.2182680834615929,
            0.9685279086535575
          ],
          [
            0.96257657770719,
            -0.2644411483388111,
            -0.059306079913993365
          ],
          [
            0.24317400796208655,
            0.939377412336093,
            -0.24173638336915915
          ]
        ]
      },
      "point_count": 83
    },
    {
      "cluster_id": 22,
      "label": "unknown_16_0",
      "members": [
        22
      ],
      "parameters": {
        "center": [
          -0.05484349255449535,
          -0.03429686763657193,
          0.9935896676897563
        ],
        "extent": [
          0.01095041354864688,
          0.003730883986148884,
          0.0005485323396634542
        ],
        "rotation": [
          [
            0.22478291149427218,
            -0.3572398681188209,
            -0.9065607091235566
          ],
          [
            -0.9704692914803053,
            0.0014995355553113908,
            -0.2412200358320858
          ],
          [
            0.08753283380465067,
            0.9340114710321099,
            -0.34635325173377773
          ]
        ]
      },
      "point_count": 11
    },
    {
      "cluster_id": 23,
      "label": "unknown_17_0",
      "members": [
        23
      ],
      "parameters": {
        "center": [
          -0.054400631353973945,
          -0.06331381183626299,
          1.0600034669485785
        ],
        "extent": [
          0.008754006542153208,
          0.007518131027585185,
          0.0003819142113978479
        ],
        "rotation": [
          [
            0.15399265966467363,
            0.13557325418051688,
            0.9787268022897427
          ],
          [
            0.4552378652700368,
            0.8694092033060049,
            -0.19205760394006224
          ],
          [
            -0.8769519637892259,
            0.47512896139650646,
            0.07216455673318606
          ]
        ]
      },
      "point_count": 10
    },
    {
      "cluster_id": 24,
      "label": "unknown_19_0",
      "members": [
        25
      ],
      "parameters": {
        "center": [
          -0.04929956790307141,
          -0.051876328770664365,
          1.0408839180162408
        ],
        "extent": [
          0.022166154705837302,
          0.017819545398415477,
          0.005682878510030342
        ],
        "rotation": [
          [
            -0.0795401967848129,
            -0.17476650275848388,
            -0.9813918822819975
          ],
          [
            -0.5806559957170497,
            -0.7921167195924672,
            0.18812154895149613
          ],
          [
            -0.8102542636316545,
            0.5848143056181487,
            -0.03847409792428867
          ]
        ]
      },
      "point_count": 67
    },
    {
      "cluster_id": 25,
      "label": "unknown_21_0",
      "members": [
        27
      ],
      "parameters": {
        "center": [
          -0.05074642562492056,
          0.006548675752671398,
          0.9627244370786009
        ],
        "extent": [
          0.01145684175684204,
          0.004374657250618698,
          0.0002316840383865204
        ],
        "rotation": [
          [
            0.072268558791128,
            -0.25425104376978885,
            0.9644343742070927
          ],
          [
            0.991114742199803,
            -0.08995118547074113,
            -0.09798138612321455
          ],
          [
            0.11166388496049838,
            0.9629460997243726,
            0.2454913151644012
          ]
        ]
      },
      "point_count": 12
    },
    {
      "cluster_id": 26,
      "label": "unknown_23_0",
      "members": [
        29
      ],
      "parameters": {
        "center": [
          -0.04806450217374826,
          -0.06467552295030338,
          1.2137275693473826
        ],
        "extent": [
          0.016816380550661328,
          0.0062851215006368265,
          0.00020941707612001084
        ],
        "rotation": [
          [
            0.020445768383129313,
            0.339328723913901,
            0.9404456324967366
          ],
          [
            0.7407057303778251,
            -0.6369317188908187,
            0.2137124387026645
          ],
          [
            0.6715184223390125,
            0.6922239540768224,
            -0.2643652886851315
          ]
        ]
      },
      "point_count": 16
    },
    {
      "cluster_id": 27,
      "label": "unknown_24_0",
      "members": [
        30
      ],
      "parameters": {
        "center": [
          -0.04764969484651869,
          0.031023547499256995,
          0.9646130105584722
        ],
        "extent": [
          0.02395826415566636,
          0.009196693035358142,
          0.0003022388824263494
        ],
        "rotation": [
          [
            0.0791927982205969,
            -0.2163573260563007,
            0.9730971216542363
          ],
          [
            0.9291763915560268,
            -0.33753666857694686,
            -0.1506659574718109
          ],
          [
            0.36105364433130027,
            0.9161105309010175,
            0.17430364622503758
          ]
        ]
      },
      "point_count": 22
    },
    {
      "cluster_id": 28,
      "label": "unknown_25_0",
      "members": [
        31
      ],
      "parameters": {
        "center": [
          -0.04729508653863479,
          -0.01650887891080089,
          1.2175905383727819
        ],
        "extent": [
          0.01975985869434519,
          0.006525621713241683,
          0.0002646972967273359
        ],
        "rotation": [
          [
            0.06598411089828048,
            0.02146170391972572,
            0.9975898417555311
          ],
          [
            0.7725269396838491,
            0.6316784624319267,
            -0.06468730603714785
          ],
          [
            -0.6315443171873769,
            0.7749333618863619,
            0.02510099726765697
          ]
        ]
      },
      "point_count": 23
    },
    {
      "cluster_id": 29,
      "label": "unknown_26_0",
      "members": [
        32
      ],
      "parameters": {
        "center": [
          -0.044096729910068515,
          -0.06785049690421906,
          0.846038187030861
        ],
        "extent": [
          0.014958474352625394,
          0.009175407664006903,
          0.003595923563533846
        ],
        "rotation": [
          [
            0.7042669287877878,
            -0.6710324784867248,
            -0.2317833165518615
          ],
          [
            0.5930121201816445,
            0.7355385855767967,
            -0.3275967253275837
          ],
          [
            0.3903136153575584,
            0.09326522365624126,
            0.9159458934472405
          ]
        ]
      },
      "point_count": 19
    },
    {
      "cluster_id": 30,
      "label": "unknown_27_0",
      "members": [
        33
      ],
      "parameters": {
        "center": [
          -0.04675355281325293,
          -0.05194208675443302,
          1.0638865997614344
        ],
        "extent": [
          0.01238097583971761,
          0.005838195746515436,
          0.0008198890079691334
        ],
        "rotation": [
          [
            0.014605999081587915,
            0.141284454496711,
            0.9898612871046103
          ],
          [
            0.9005841034666819,
            -0.43198232202310416,
            0.048368854055477285
          ],
          [
            0.4344363444440872,
            0.8907468643655694,
            -0.13354806718543136
          ]
        ]
      },
      "point_count": 13
    },
    {
      "cluster_id": 31,
      "label": "unknown_28_0",
      "members": [
        34
      ],
      "parameters": {
        "center": [
          -0.04623965050361969,
          0.0007596135743195126,
          0.950897128219317
        ],
        "extent": [
          0.012471420379378963,
          0.006409522976737561,
          0.0006157812318244946
        ],
        "rotation": [
          [
            0.2730495785425174,
            0.5443118925711355,
            0.7932014191007113
          ],
          [
            -0.9206913565056049,
            0.3868858121172758,
            0.05144700611527476
          ],
          [
            -0.27887515793563034,
            -0.7443412738710549,
            0.6067822626761536
          ]
        ]
      },
      "point_count": 11
    },
    {
      "cluster_id": 32,
      "label": "unknown_29_0",
      "members": [
        35
      ],
      "parameters": {
        "center": [
          -0.04590224224901029,
          0.0006929900494218779,
          1.109242440043666
        ],
        "extent": [
          0.015826384288540316,
          0.0032499586381522926,
          0.0006276528039549402
        ],
        "rotation": [
          [
            0.09232710452212209,
            -0.25495051408298514,
            0.9625362025084474
          ],
          [
            0.8026164492122343,
            -0.5530508652580476,
            -0.22347611928631186
          ],
          [
            0.5893068311368078,
            0.7931802921191036,
            0.15356589129538945
          ]
        ]
      },
      "point_count": 17
    },
    {
      "cluster_id": 33,
      "label": "unknown_30_0",
      "members": [
        36
      ],
      "parameters": {
        "center": [
          -0.043135240489911186,
          0.01893747264949116,
          0.868549468869441
        ],
        "extent": [
          0.019208629765245816,
          0.011481038354293212,
          0.0034389003218567244
        ],
        "rotation": [
          [
            0.31816947940814555,
            -0.5285436050460202,
            -0.787025946165758
          ],
          [
            0.7858283642744364,
            0.6114229976998751,
            -0.0929284659588349
          ],
          [
            0.5303225096815272,
            -0.5889003102806581,
            0.6098806934773647
          ]
        ]
      },
      "point_count": 25
    },
    {
      "cluster_id": 34,
      "label": "unknown_31_0",
      "members": [
        37
      ],
      "parameters": {
        "center": [
          -0.044152685881499336,
          0.005217732092155652,
          1.0988301210591684
        ],
        "extent": [
          0.01703263625453668,
          0.0034037270755598835,
          0.0004815932519642567
        ],
        "rotation": [
          [
            0.02390863513389988,
            0.20646792062040975,
            0.9781612213335378
          ],
          [
            -0.819289821040767,
            0.5647370467424683,
            -0.09917790669087172
          ],
          [
            -0.5728809355398572,
            -0.7990263235909563,
            0.18265915773291663
          ]
        ]
      },
      "point_count": 19
    },
    {
      "cluster_id": 35,
      "label": "unknown_32_0",
      "members": [
        38
      ],
      "parameters": {
        "center": [
          -0.03667576061801567,
          -0.07348234879873328,
          0.8509002309128696
        ],
        "extent": [
          0.015336262231239642,
          0.01342268789202639,
          0.004891214664276608
        ],
        "rotation": [
          [
            0.5069155232786158,
            -0.8572569024128533,
            0.09026214890355116
          ],
          [
            0.8550919190610201,
            0.4868648854437753,
            -0.1782705620071959
          ],
          [
            0.10887819899185082,
            0.16755054934955974,
            0.9798328179832271
          ]
        ]
      },
      "point_count": 25
    },
    {
      "cluster_id": 36,
      "label": "unknown_33_0",
      "members": [
        39
      ],
      "parameters": {
        "center": [
          -0.041339296328870796,
          -0.0027724698094236085,
          0.8651863548062679
        ],
        "extent": [
          0.011484402561117473,
          0.008733437118976239,
          0.002435848488620718
        ],
        "rotation": [
          [
            0.40757265154914524,
            -0.6871653815729928,
            0.6014052477962278
          ],
          [
            -0.8982835177472719,
            -0.4201426396682061,
            0.12871240840035036
          ],
          [
            0.16422927708781312,
            -0.5926920791610726,
            -0.7885079859119621
          ]
        ]
      },
      "point_count": 13
    },
    {
      "cluster_id": 37,
      "label": "unknown_34_0",
      "members": [
        40
      ],
      "parameters": {
        "center": [
          -0.03658962628516956,
          0.06307858600634615,
          0.8847936937511788
        ],
        "extent": [
          0.03071633076413939,
          0.019083739012845078,
          0.0073745379639727476
        ],
        "rotation": [
          [
            0.3012585417187199,
            -0.7216111826816298,
            -0.6233142001192735
          ],
          [
            0.861615683720696,
            0.4860346659206113,
            -0.14624881910619864
          ],
          [
            0.4084870923395599,
            -0.4929985847365682,
            0.7681736072267211
          ]
        ]
      },
      "point_count": 52
    },
    {
      "cluster_id": 38,
      "label": "unknown_35_0",
      "members": [
        41
      ],
      "parameters": {
        "center": [
          -0.03365390964661498,
          0.1297657068094116,
          0.8726504943279613
        ],
        "extent": [
          0.018567940760685242,
          0.015069645361643505,
          0.00233455082852557
        ],
        "rotation": [
          [
            -0.2680667131668512,
            0.028854414561225165,
            -0.9629681511100199
          ],
          [
            -0.6123879444366129,
            0.7665254112161625,
            0.19344197959231305
          ],
          [
            0.7437212130903763,
            0.6415654422739913,
            -0.18780985192251515
          ]
        ]
      },
      "point_count": 30
    },
    {
      "cluster_id": 39,
      "label": "unknown_36_0",
      "members": [
        42
      ],
      "parameters": {
        "center": [
          -0.021254507511289683,
          0.14264971708691238,
          0.845531632570766
        ],
        "extent": [
          0.013088613806883616,
          0.00988602982627175,
          0.0022177318051053692
        ],
        "rotation": [
          [
            0.27973036653371375,
            -0.5451540463619757,
            -0.7902898125207479
          ],
          [
            -0.1332287302077663,
            -0.8372286392113727,
            0.5303756321056797
          ],
          [
            -0.9507896862535586,
            -0.04307286175119906,
            -0.3068284554835514
          ]
        ]
      },
      "point_count": 28
    },
    {
      "cluster_id": 40,
      "label": "unknown_37_0",
      "members": [
        43
      ],
      "parameters": {
        "center": [
          -0.0233542435090543,
          0.0738421085268621,
          0.9041761876121212
        ],
        "extent": [
          0.010672322572971462,
          0.005497200256365117,
          0.00013864392773960284
        ],
        "rotation": [
          [
            0.9172030074877593,
            -0.38132897199569693,
            0.11544201216244648
          ],
          [
            0.39718991398384257,
            0.8523939928514973,
            -0.3400950649159576
          ],
          [
            0.03128602379525303,
            0.35778861925358485,
            0.933278355394411
          ]
        ]
      },
      "point_count": 10
    },
    {
      "cluster_id": 41,
      "label": "unknown_38_0",
      "members": [
        44
      ],
      "parameters": {
        "center": [
          -0.016640103300010048,
          -0.06473300047391778,
          0.8560236602899749
        ],
        "extent": [
          0.010829703282399059,
          0.008056341339398206,
          0.0038633473267523414
        ],
        "rotation": [
          [
            0.8035455442560383,
            -0.5401802690532383,
            -0.25003966731668503
          ],
          [
            0.4876420524024517,
            0.8382852488462125,
            -0.24389151337340192
          ],
          [
            0.34134994805183716,
            0.07404808230072452,
            0.9370149915943681
          ]
        ]
      },
      "point_count": 12
    },
    {
      "cluster_id": 42,
      "label": "unknown_40_0",
      "members": [
        46
      ],
      "parameters": {
        "center": [
          0.000320082925798549,
          0.03612494963568653,
          0.8890500823833357
        ],
        "extent": [
          0.061951193779195265,
          0.032292343456517374,
          0.0058822187466078535
        ],
        "rotation": [
          [
            0.2630991835416982,
            -0.9596639258938132,
            0.09911593695145816
          ],
          [
            -0.9191866327305426,
            -0.21813685246541173,
            0.3278906034121286
          ],
          [
            -0.2930439452184235,
            -0.17737379438506945,
            -0.9395018803793128
          ]
        ]
      },
      "point_count": 185
    },
    {
      "cluster_id": 43,
      "label": "unknown_41_0",
      "members": [
        47
      ],
      "parameters": {
        "center": [
          0.011519812283082503,
          0.09065714191404102,
          1.050220640682409
        ],
        "extent": [
          0.08520690247828408,
          0.040486015907448804,
          0.00881091314864136
        ],
        "rotation": [
          [
            0.3360006465816152,
            -0.9054764891339331,
            -0.2592602806494336
          ],
          [
            0.2394152310290025,
            -0.18411238595165955,
            0.953301094350844
          ],
          [
            -0.9109247568532024,
            -0.3823806440771731,
            0.15492298211388916
          ]
        ]
      },
      "point_count": 276
    },
    {
      "cluster_id": 44,
      "label": "unknown_42_0",
      "members": [
        48
      ],
      "parameters": {
        "center": [
          0.00010192121144003095,
          0.11546248549288055,
          0.9904430245998319
        ],
        "extent": [
          0.017964254636129807,
          0.015488314523123726,
          0.0003947065294310088
        ],
        "rotation": [
          [
            0.47857544429896276,
            -0.8574172451205059,
            -0.18921208176015802
          ],
          [
            -0.37024993215036406,
            -0.0016650204801255597,
            -0.9289306838776786
          ],
          [
            0.7961661458870889,
            0.514619175193427,
            -0.31825551474646235
          ]
        ]
      },
      "point_count": 20
    },
    {
      "cluster_id": 45,
      "label": "unknown_43_0",
      "members": [
        49
      ],
      "parameters": {
        "center": [
          0.0003057910890337511,
          0.10717148225301473,
          1.018470004492437
        ],
        "extent": [
          0.014093386913812551,
          0.0075029669171640745,
          0.0001223579206855015
        ],
        "rotation": [
          [
            0.4108788674943913,
            -0.8799821666514691,
            -0.238348364000915
          ],
          [
            -0.3327488528000101,
            0.09865357599892804,
            -0.93784096354494
          ],
          [
            0.848797241516962,
            0.46464917767925723,
            -0.25227838685703224
          ]
        ]
      },
      "point_count": 14
    },
    {
      "cluster_id": 46,
      "label": "unknown_44_0",
      "members": [
        50
      ],
      "parameters": {
        "center": [
          0.004807807206304572,
          0.10114237614705347,
          1.037266396136057
        ],
        "extent": [
          0.022012112743401372,
          0.010613903169925196,
          0.0005900838079299473
        ],
        "rotation": [
          [
            0.24556197411866781,
            -0.9314929284940883,
            -0.26836587158662745
          ],
          [
            -0.278487341671431,
            0.1973837058169195,
            -0.9399385475693396
          ],
          [
            0.9285171605283999,
            0.30554966346485685,
            -0.21093905698279392
          ]
        ]
      },
      "point_count": 24
    },
    {
      "cluster_id": 47,
      "label": "unknown_45_0",
      "members": [
        51
      ],
      "parameters": {
        "center": [
          0.009074666568988208,
          -0.07994776828842921,
          0.8530836404405993
        ],
        "extent": [
          0.010896764487343339,
          0.006630351905070053,
          0.002205479943692554
        ],
        "rotation": [
          [
            0.9284986033639476,
            -0.36081033853817773,
            0.08778521034413722
          ],
          [
            0.2608150783645048,
            0.46538892017262856,
            -0.8458065073515764
          ],
          [
            0.2643214680061308,
            0.8082258673072277,
            0.5262177391218996
          ]
        ]
      },
      "point_count": 11
    },
    {
      "cluster_id": 48,
      "label": "unknown_47_0",
      "members": [
        53
      ],
      "parameters": {
        "center": [
          0.04024019977890408,
          -0.0297021908722569,
          0.9690535791849372
        ],
        "extent": [
          0.022984080757481404,
          0.023019456439869038,
          0.006719439613918531
        ],
        "rotation": [
          [
            0.33743018591636875,
            -0.7806911041811165,
            -0.5259869480176422
          ],
          [
            0.849170807664676,
            0.011292612176639402,
            0.5279975533279958
          ],
          [
            -0.40626322629862355,
            -0.6248150740520727,
            0.6667505637003514
          ]
        ]
      },
