{
  "source_ply": "/home/yli581/Desktop/sketch_lib/controlNet_process/sketch/clusters/labeled_clusters.ply",
  "source_cluster_ids": "/home/yli581/Desktop/sketch_lib/controlNet_process/sketch/clusters/final_cluster_ids.npy",
  "neighbor_dist_thresh": 0.02,
  "distance_mode": "aabb_min_distance_approx",
  "primitives": [
    {
      "cluster_id": 0,
      "label": "fender_0_0",
      "members": [
        0,
        4,
        9,
        12,
        14,
        20,
        23,
        25,
        27,
        28
      ],
      "parameters": {
        "center": [
          0.02323527317810322,
          0.013749736192547882,
          0.8985971865948625
        ],
        "extent": [
          0.27048529045165715,
          0.28147170930786475,
          0.28323993583044177
        ],
        "rotation": [
          [
            0.04390242140364989,
            0.18328227519510973,
            0.9820795207080741
          ],
          [
            -0.968084587211956,
            0.2505993610810754,
            -0.0034917371627402813
          ],
          [
            -0.24674847395182223,
            -0.9505827516976421,
            0.18843466447919272
          ]
        ]
      },
      "point_count": 16767
    },
    {
      "cluster_id": 2,
      "label": "wheel_0_0",
      "members": [
        2,
        7,
        8,
        13,
        24
      ],
      "parameters": {
        "center": [
          0.003168848018651962,
          0.10318789363293689,
          0.9494669048189412
        ],
        "extent": [
          0.3659472714955719,
          0.18282406288100367,
          0.10305364102318239
        ],
        "rotation": [
          [
            0.1664689721196665,
            0.1521278892944554,
            0.9742408257819192
          ],
          [
            0.35682350032066357,
            0.9117720222694379,
            -0.20334396727124487
          ],
          [
            -0.9192198164423628,
            0.3814824828291774,
            0.09749894540022101
          ]
        ]
      },
      "point_count": 11722
    },
    {
      "cluster_id": 4,
      "label": "seat_0_0",
      "members": [
        3,
        6,
        11,
        26
      ],
      "parameters": {
        "center": [
          -0.014921076606723096,
          -0.0751528415572528,
          1.073461081850008
        ],
        "extent": [
          0.2656486569437952,
          0.14365053125733027,
          0.10001039013225428
        ],
        "rotation": [
          [
            0.19301501751904906,
            -0.9804062191318311,
            0.039355412585173145
          ],
          [
            0.36893208899645213,
            0.1096820726280949,
            0.9229620559116822
          ],
          [
            -0.9091943228599897,
            -0.16362606281284559,
            0.3828736016592572
          ]
        ]
      },
      "point_count": 8696
    },
    {
      "cluster_id": 5,
      "label": "wheel_1_0",
      "members": [
        5,
        19,
        22
      ],
      "parameters": {
        "center": [
          -0.008117676301657935,
          0.06538782623187218,
          1.1754130027981748
        ],
        "extent": [
          0.21616362244802043,
          0.1418999561127805,
          0.1217176008867604
        ],
        "rotation": [
          [
            0.3130354346362053,
            -0.7809806698921784,
            -0.5404424205379204
          ],
          [
            0.6260776377428403,
            -0.25820863493420493,
            0.7357683686893312
          ],
          [
            -0.7141677731321031,
            -0.5686804850706404,
            0.4081260806654659
          ]
        ]
      },
      "point_count": 8651
    },
    {
      "cluster_id": 6,
      "label": "handlebar_0_0",
      "members": [
        10,
        15,
        21,
        29
      ],
      "parameters": {
        "center": [
          0.015369331058507421,
          -0.09527433601469522,
          0.831542579597104
        ],
        "extent": [
          0.298341993687553,
          0.10855567728787548,
          0.05642056785407666
        ],
        "rotation": [
          [
            0.9939858636520815,
            -0.10926688626610884,
            0.007269829814702505
          ],
          [
            -0.03273277602440798,
            -0.3598042909968985,
            -0.9324534506097101
          ],
          [
            0.10450200109835904,
            0.9266075867085961,
            -0.36121698744731
          ]
        ]
      },
      "point_count": 4018
    },
    {
      "cluster_id": 7,
      "label": "headlight_0_0",
      "members": [
        16,
        30
      ],
      "parameters": {
        "center": [
          0.018233245532501097,
          -0.08477611858227466,
          0.8028547674381272
        ],
        "extent": [
          0.10142763135997088,
          0.07479795941757787,
          0.0695662428865047
        ],
        "rotation": [
          [
            0.882368015484808,
            -0.07480718777327783,
            0.46457568802817817
          ],
          [
            0.3151750833188215,
            -0.6391557685815835,
            -0.7015301635310197
          ],
          [
            0.34941572961785144,
            0.7654304593797786,
            -0.5403932454697095
          ]
        ]
      },
      "point_count": 1180
    },
    {
      "cluster_id": 8,
      "label": "unknown_0_0",
      "members": [
        31
      ],
      "parameters": {
        "center": [
          0.006365431766430937,
          -0.03579982970001287,
          1.139421089946521
        ],
        "extent": [
          0.23021922455138152,
          0.17403558217955803,
          0.21204449240055198
        ],
        "rotation": [
          [
            0.24507588760597632,
            -0.7337507597280211,
            0.6336778613086422
          ],
          [
            -0.7783800473407547,
            0.2407414800761454,
            0.579800001442352
          ],
          [
            -0.5779812377715624,
            -0.6353372036716398,
            -0.512137019180174
          ]
        ]
      },
      "point_count": 11121
    },
    {
      "cluster_id": 9,
      "label": "unknown_1_0",
      "members": [
        32
      ],
      "parameters": {
        "center": [
          0.009673935537462923,
          0.0642434275298051,
          1.0314716280771519
        ],
        "extent": [
          0.2713104313190834,
          0.19348458168102925,
          0.1609090572451245
        ],
        "rotation": [
          [
            0.32436742448724243,
            -0.7377826930590937,
            -0.5919987092502688
          ],
          [
            0.3739446779557028,
            -0.4748462783501065,
            0.7966720716616461
          ],
          [
            -0.8688792503910534,
            -0.47978923472658713,
            0.12186524722149766
          ]
        ]
      },
      "point_count": 7875
    },
    {
      "cluster_id": 10,
      "label": "unknown_2_0",
      "members": [
        33
      ],
      "parameters": {
        "center": [
          0.12468860352887262,
          -0.09439416583053317,
          0.8547318043544377
        ],
        "extent": [
          0.10378243820071528,
          0.03238036482237616,
          0.031073432935718123
        ],
        "rotation": [
          [
            0.8389884827482174,
            0.2931236378763781,
            0.45845049758284956
          ],
          [
            -0.0873213659799426,
            -0.7590644889053677,
            0.6451326070865044
          ],
          [
            0.5370971093380054,
            -0.581291350874027,
            -0.6112504073943902
          ]
        ]
      },
      "point_count": 230
    },
    {
      "cluster_id": 11,
      "label": "unknown_3_0",
      "members": [
        34
      ],
      "parameters": {
        "center": [
          -0.05568271546914597,
          -0.030187092729293263,
          1.079306221504265
        ],
        "extent": [
          0.1403560822727753,
          0.07823307540156438,
          0.02372596776659136
        ],
        "rotation": [
          [
            0.0024025287819126597,
            -0.04058274354717876,
            -0.9991732926683119
          ],
          [
            0.3849741392090841,
            -0.9221290320620626,
            0.03837916581308649
          ],
          [
            -0.9229242330742414,
            -0.3847480853161813,
            0.013407865223651788
          ]
        ]
      },
      "point_count": 976
    },
    {
      "cluster_id": 12,
      "label": "unknown_4_0",
      "members": [
        35
      ],
      "parameters": {
        "center": [
          0.040799298742502974,
          0.06712086715222598,
          0.8114182849049743
        ],
        "extent": [
          0.07308319218746101,
          0.03825309762951558,
          0.020441268342008507
        ],
        "rotation": [
          [
            0.807433719115399,
            -0.4826700813012755,
            -0.3392349950286603
          ],
          [
            0.21774211553231423,
            0.7782307802333647,
            -0.5890205631562285
          ],
          [
            0.5483057179703559,
            0.40172931846454574,
            0.7334673778205981
          ]
        ]
      },
      "point_count": 378
    },
    {
      "cluster_id": 13,
      "label": "unknown_5_0",
      "members": [
        36
      ],
      "parameters": {
        "center": [
          0.03772391073450226,
          -0.0807349660396113,
          0.8203806766402938
        ],
        "extent": [
          0.0980082832726547,
          0.0816216035849366,
          0.05515555737027557
        ],
        "rotation": [
          [
            0.8878422202646546,
            0.2967731871165763,
            -0.3516558933448974
          ],
          [
            -0.14246090301796863,
            -0.5493947245939091,
            -0.8233288089819811
          ],
          [
            -0.43753980736252235,
            0.7810832938919205,
            -0.44549725585699673
          ]
        ]
      },
      "point_count": 142
    },
    {
      "cluster_id": 14,
      "label": "unknown_6_0",
      "members": [
        37
      ],
      "parameters": {
        "center": [
          0.018643526015416828,
          0.054583911367600664,
          1.227466578252921
        ],
        "extent": [
          0.11668917555535006,
          0.0932681368231632,
          0.030274873872423766
        ],
        "rotation": [
          [
            0.11107819697706448,
            0.2594301649183398,
            0.9593527107830402
          ],
          [
            -0.9887852460383739,
            0.12581523509656337,
            0.08046281025684378
          ],
          [
            -0.09982670671296769,
            -0.9575314700562272,
            0.2704960489153283
          ]
        ]
      },
      "point_count": 159
    },
    {
      "cluster_id": 15,
      "label": "unknown_7_0",
      "members": [
        38
      ],
      "parameters": {
        "center": [
          -0.0907537192584831,
          -0.08978945047840613,
          0.8372375313787136
        ],
        "extent": [
          0.10887141416037978,
          0.09910564451656317,
          0.04007541479515285
        ],
        "rotation": [
          [
            0.39909382228356977,
            -0.901949397507867,
            0.1649587989477559
          ],
          [
            0.020776788402219474,
            -0.17096534439016098,
            -0.9850579556966398
          ],
          [
            0.9166746675232058,
            0.3965578587706332,
            -0.04949160098916591
          ]
        ]
      },
      "point_count": 757
    },
    {
      "cluster_id": 16,
      "label": "unknown_8_0",
      "members": [
        39
      ],
      "parameters": {
        "center": [
          -0.03772584211101326,
          0.06525178424640735,
          0.9520821339068692
        ],
        "extent": [
          0.1409127603657882,
          0.10419250146003492,
          0.06756417402160592
        ],
        "rotation": [
          [
            0.3579453805826521,
            -0.18473541876193836,
            0.9152857092593502
          ],
          [
            0.9171701065052591,
            0.2534209269996957,
            -0.3075334607676807
          ],
          [
            -0.17514023025185285,
            0.9495528731005274,
            0.26014465386369523
          ]
        ]
      },
      "point_count": 1027
    },
    {
      "cluster_id": 17,
      "label": "unknown_9_0",
      "members": [
        40
      ],
      "parameters": {
        "center": [
          -0.005141064914205216,
          -0.03227290398290754,
          0.9813852522966822
        ],
        "extent": [
          0.13806087000976464,
          0.1016787107207314,
          0.09413809225090851
        ],
        "rotation": [
          [
            0.9546680917406447,
            -0.011121437917035114,
            -0.2974645327277414
          ],
          [
            -0.07844331707789598,
            0.9545805632354455,
            -0.28744146238654655
          ],
          [
            0.28715062357252974,
            0.2977452970438951,
            0.9104352022358044
          ]
        ]
      },
      "point_count": 585
    },
    {
      "cluster_id": 18,
      "label": "unknown_10_0",
      "members": [
        41
      ],
      "parameters": {
        "center": [
          0.008160160559168175,
          -0.08608228205831125,
          0.8145639817547363
        ],
        "extent": [
          0.0886092398300608,
          0.06811301736665704,
          0.06089532577180984
        ],
        "rotation": [
          [
            -0.49533740103814883,
            -0.4160304939607445,
            0.7626004768078438
          ],
          [
            -0.10929832477007026,
            -0.8410403269389666,
            -0.529816047949524
          ],
          [
            0.8617973864750509,
            -0.34578865880357484,
            0.37112729367104846
          ]
        ]
      },
      "point_count": 347
    }
  ]
}