{
  "source_ply": "/home/yli581/Desktop/sketch_lib/controlNet_process/sketch/clusters/labeled_clusters.ply",
  "source_cluster_ids": "/home/yli581/Desktop/sketch_lib/controlNet_process/sketch/clusters/final_cluster_ids.npy",
  "source_registry": "/home/yli581/Desktop/sketch_lib/controlNet_process/sketch/dsl_optimize/registry.json",
  "neighbor_dist_thresh": 0.02,
  "distance_mode": "aabb_min_distance_approx",
  "primitives": [
    {
      "cluster_id": 0,
      "label": "fender_0_0",
      "members": [
        0,
        4,
        6,
        9,
        12,
        17
      ],
      "parameters": {
        "center": [
          -0.01906831879626541,
          0.03361741208593089,
          0.9009305188127226
        ],
        "extent": [
          0.3393597610471392,
          0.2812403163674646,
          0.2819357012191629
        ],
        "rotation": [
          [
            0.1864436250730027,
            -0.2393462538956772,
            0.9528652294085158
          ],
          [
            -0.5136225768179598,
            0.8030327021185287,
            0.30220907979591427
          ],
          [
            -0.8375145510691241,
            -0.5457580508561649,
            0.02678668835752386
          ]
        ],
        "bbox_mode": "obb"
      },
      "point_count": 16846,
      "source": "merged_known"
    },
    {
      "cluster_id": 2,
      "label": "wheel_1_0",
      "members": [
        1,
        11,
        16
      ],
      "parameters": {
        "center": [
          0.0004345278121597098,
          0.06566472374505494,
          1.1719150327691112
        ],
        "extent": [
          0.1960960616590978,
          0.13398149426126812,
          0.14396440125682755
        ],
        "rotation": [
          [
            0.1412029140133902,
            -0.9427983221296451,
            -0.3019818883040061
          ],
          [
            -0.1943967744110996,
            0.2726936611755207,
            -0.9422568976947054
          ],
          [
            0.9707067688919694,
            0.191753724720581,
            -0.14477181315123622
          ]
        ],
        "bbox_mode": "obb"
      },
      "point_count": 8611,
      "source": "merged_known"
    },
    {
      "cluster_id": 3,
      "label": "seat_0_0",
      "members": [
        2,
        14,
        19
      ],
      "parameters": {
        "center": [
          -0.011918423908480486,
          -0.0734814210399912,
          1.0735904054553036
        ],
        "extent": [
          0.25579765570707624,
          0.12953642881263383,
          0.08822285679974827
        ],
        "rotation": [
          [
            0.06844979304903129,
            -0.9970909030787486,
            -0.03353143046681072
          ],
          [
            0.3691036068196419,
            -0.005915228895203614,
            0.929369430043752
          ],
          [
            -0.9268641503825013,
            -0.07599171707971286,
            0.3676249524597058
          ]
        ],
        "bbox_mode": "obb"
      },
      "point_count": 8690,
      "source": "merged_known"
    },
    {
      "cluster_id": 4,
      "label": "wheel_0_0",
      "members": [
        3,
        10,
        13
      ],
      "parameters": {
        "center": [
          0.02220506419832654,
          0.13111320152622027,
          0.8840149789967696
        ],
        "extent": [
          0.21335595111109587,
          0.20228143886240202,
          0.11562170541454374
        ],
        "rotation": [
          [
            0.19412504427534635,
            0.18927572744548807,
            0.9625435918362744
          ],
          [
            0.47728705249917563,
            0.8390164469893784,
            -0.26124408356548257
          ],
          [
            -0.8570370684525518,
            0.5101236131383265,
            0.07253525085746254
          ]
        ],
        "bbox_mode": "obb"
      },
      "point_count": 11391,
      "source": "merged_known"
    },
    {
      "cluster_id": 6,
      "label": "handlebar_0_0",
      "members": [
        7,
        18
      ],
      "parameters": {
        "center": [
          0.016810816508789864,
          -0.09473856078001301,
          0.8229734068644915
        ],
        "extent": [
          0.29971869786355587,
          0.1070501226345382,
          0.05328858154405801
        ],
        "rotation": [
          [
            0.9960566365311789,
            -0.08859950903847127,
            0.00461560617222137
          ],
          [
            -0.033551575100583694,
            -0.4243348030051626,
            -0.9048835653092834
          ],
          [
            0.08213080195922295,
            0.9011604196571839,
            -0.42563414972582175
          ]
        ],
        "bbox_mode": "obb"
      },
      "point_count": 3977,
      "source": "merged_known"
    },
    {
      "cluster_id": 7,
      "label": "headlight_0_0",
      "members": [
        8
      ],
      "parameters": {
        "center": [
          0.030102304248228406,
          -0.083878854938348,
          0.8124113479165989
        ],
        "extent": [
          0.08236892954771287,
          0.05829531088182503,
          0.08162217229778758
        ],
        "rotation": [
          [
            -0.6193451209185009,
            0.15127490363542137,
            0.770407375824337
          ],
          [
            0.26701069169930636,
            0.9633563142388971,
            0.02549318211415179
          ],
          [
            -0.7383203313689156,
            0.22149608426819045,
            -0.6370420495863308
          ]
        ],
        "bbox_mode": "obb"
      },
      "point_count": 1086,
      "source": "merged_known"
    },
    {
      "cluster_id": 8,
      "label": "unknown_0",
      "members": [
        26
      ],
      "parameters": {
        "center": [
          -0.056178835840010606,
          0.019488656426727924,
          1.140846823488963
        ],
        "extent": [
          0.15032823134924428,
          0.09839033234189695,
          0.034087054217074655
        ],
        "rotation": [
          [
            0.007784023577688917,
            -0.11806637858688969,
            -0.9929751956742523
          ],
          [
            0.38784866274785096,
            -0.9149144966372841,
            0.11182521472212324
          ],
          [
            -0.9216901994605594,
            -0.3859945518920216,
            0.03867017103701266
          ]
        ],
        "bbox_mode": "obb"
      },
      "point_count": 1400,
      "source": "copied_unknown"
    },
    {
      "cluster_id": 9,
      "label": "unknown_1",
      "members": [
        27
      ],
      "parameters": {
        "center": [
          0.0005370550718596049,
          -0.05151880083477041,
          1.0901808212037023
        ],
        "extent": [
          0.13912124253153302,
          0.11804708837004006,
          0.11217932384558442
        ],
        "rotation": [
          [
            0.9230870463951723,
            0.21440602282982088,
            -0.31928100812878857
          ],
          [
            -0.3135247473519792,
            0.9003268987467835,
            -0.3018504732328189
          ],
          [
            0.22273872042219078,
            0.37873675919733135,
            0.898301691892756
          ]
        ],
        "bbox_mode": "obb"
      },
      "point_count": 1794,
      "source": "copied_unknown"
    },
    {
      "cluster_id": 10,
      "label": "unknown_2",
      "members": [
        28
      ],
      "parameters": {
        "center": [
          -0.002113872701584201,
          0.07566157337574539,
          1.0174512301850567
        ],
        "extent": [
          0.14362124055624137,
          0.15780811989343352,
          0.1869916888859408
        ],
        "rotation": [
          [
            0.9982979118718873,
            -0.026670567441392304,
            0.051864824154561846
          ],
          [
            0.05829302233734345,
            0.48360613648414325,
            -0.8733424461811405
          ],
          [
            -0.0017896086185124882,
            0.874879297724683,
            0.48433770420416183
          ]
        ],
        "bbox_mode": "obb"
      },
      "point_count": 4944,
      "source": "copied_unknown"
    },
    {
      "cluster_id": 11,
      "label": "unknown_3",
      "members": [
        29
      ],
      "parameters": {
        "center": [
          -0.01223499770854324,
          -0.023527896766129916,
          1.2236106317227087
        ],
        "extent": [
          0.1337264423363672,
          0.11888169931290603,
          0.07646372588722232
        ],
        "rotation": [
          [
            -0.8565780342038326,
            0.4678780178158314,
            0.2176332505942663
          ],
          [
            0.515985379722536,
            0.7719126386541475,
            0.37136231122528035
          ],
          [
            0.005758405342490587,
            0.43039637397487474,
            -0.9026216272819922
          ]
        ],
        "bbox_mode": "obb"
      },
      "point_count": 4062,
      "source": "copied_unknown"
    },
    {
      "cluster_id": 12,
      "label": "unknown_4",
      "members": [
        30
      ],
      "parameters": {
        "center": [
          0.07281094955857904,
          -0.08336025512438047,
          0.8516662061830379
        ],
        "extent": [
          0.19412446646776088,
          0.10540262337932646,
          0.09633769535160976
        ],
        "rotation": [
          [
            0.8228207704236997,
            0.2715209506435495,
            0.4992417782207059
          ],
          [
            -0.0808504876201561,
            -0.8136170222383254,
            0.5757521513425922
          ],
          [
            0.5625203804405067,
            -0.5141047699503121,
            -0.647508383809356
          ]
        ],
        "bbox_mode": "obb"
      },
      "point_count": 585,
      "source": "copied_unknown"
    },
    {
      "cluster_id": 13,
      "label": "unknown_5",
      "members": [
        31
      ],
      "parameters": {
        "center": [
          0.03231144843688907,
          0.08745895903398958,
          0.809039424774736
        ],
        "extent": [
          0.08890688444738373,
          0.07759241956402602,
          0.025654220910640527
        ],
        "rotation": [
          [
            -0.7243831927402575,
            -0.043820793283851384,
            -0.6880034361479637
          ],
          [
            0.11540689985899519,
            -0.9916029229505052,
            -0.05835144095007583
          ],
          [
            -0.679669211852624,
            -0.12166914675458311,
            0.7233577131597098
          ]
        ],
        "bbox_mode": "obb"
      },
      "point_count": 394,
      "source": "copied_unknown"
    },
    {
      "cluster_id": 14,
      "label": "unknown_6",
      "members": [
        32
      ],
      "parameters": {
        "center": [
          0.021775395002640623,
          0.07270427602659003,
          1.1225939708279058
        ],
        "extent": [
          0.1353499087465659,
          0.11581826725693746,
          0.12401043736399073
        ],
        "rotation": [
          [
            0.6522154624009951,
            0.2359753065223234,
            0.7203684094383593
          ],
          [
            -0.6825290896278158,
            -0.2306461853723075,
            0.6935101866483493
          ],
          [
            0.32980150457037205,
            -0.9439904617552546,
            0.010629002691701
          ]
        ],
        "bbox_mode": "obb"
      },
      "point_count": 1425,
      "source": "copied_unknown"
    },
    {
      "cluster_id": 15,
      "label": "unknown_7",
      "members": [
        33
      ],
      "parameters": {
        "center": [
          0.01308007207162676,
          0.07401741645969147,
          0.9391576965253787
        ],
        "extent": [
          0.16859711331861188,
          0.15570735693338295,
          0.08613608662642089
        ],
        "rotation": [
          [
            0.7945699968704821,
            -0.568101538262468,
            -0.21428756916130182
          ],
          [
            0.5840543384221574,
            0.8115934551342445,
            0.01402117518309104
          ],
          [
            0.16594893745817782,
            -0.13629638955994555,
            0.9766699771926161
          ]
        ],
        "bbox_mode": "obb"
      },
      "point_count": 1678,
      "source": "copied_unknown"
    },
    {
      "cluster_id": 16,
      "label": "unknown_8",
      "members": [
        34
      ],
      "parameters": {
        "center": [
          -0.008176347128538534,
          -0.0422851394238792,
          0.9928273889058633
        ],
        "extent": [
          0.14007358398804595,
          0.14622906087761894,
          0.13546088230870515
        ],
        "rotation": [
          [
            0.9394736393796989,
            -0.2510869591758159,
            -0.23311932533041035
          ],
          [
            -0.005116170226570249,
            0.6700429875331738,
            -0.7423046676802131
          ],
          [
            0.34258299098594536,
            0.6985683458255614,
            0.6282031204138215
          ]
        ],
        "bbox_mode": "obb"
      },
      "point_count": 1299,
      "source": "copied_unknown"
    },
    {
      "cluster_id": 17,
      "label": "unknown_9",
      "members": [
        35
      ],
      "parameters": {
        "center": [
          0.007683833388446203,
          0.04541684237282802,
          1.2326356542366768
        ],
        "extent": [
          0.1119574917031452,
          0.09452154975014332,
          0.05725908911194151
        ],
        "rotation": [
          [
            0.3263906085499398,
            -0.517473349171769,
            -0.7910060072764002
          ],
          [
            -0.8643638855640052,
            -0.5020752909840246,
            -0.028204175506516604
          ],
          [
            -0.3825496621134245,
            0.6929226039611204,
            -0.6111579345280934
          ]
        ],
        "bbox_mode": "obb"
      },
      "point_count": 587,
      "source": "copied_unknown"
    },
    {
      "cluster_id": 18,
      "label": "unknown_10",
      "members": [
        36
      ],
      "parameters": {
        "center": [
          -0.060615061270332254,
          -0.08597047420324364,
          0.8261664346258772
        ],
        "extent": [
          0.16665452383955126,
          0.11625876693082729,
          0.04896206419001912
        ],
        "rotation": [
          [
            0.8886924591395565,
            -0.4581397087444283,
            -0.018268014124643392
          ],
          [
            0.011561346848679169,
            -0.017439075965371136,
            0.9997810829819289
          ],
          [
            -0.4583579914515862,
            -0.888709112083951,
            -0.010201263226840021
          ]
        ],
        "bbox_mode": "obb"
      },
      "point_count": 1027,
      "source": "copied_unknown"
    },
    {
      "cluster_id": 19,
      "label": "unknown_11",
      "members": [
        37
      ],
      "parameters": {
        "center": [
          -0.016873098059070616,
          -0.08719476043943031,
          1.1625357451413032
        ],
        "extent": [
          0.12073127487336749,
          0.10220835586702404,
          0.09352234300362694
        ],
        "rotation": [
          [
            0.9605822405478478,
            -0.009401718171961096,
            -0.27783694289905336
          ],
          [
            -0.18932220136392375,
            0.7097171543777974,
            -0.6785710462822591
          ],
          [
            0.20356537823214124,
            0.7044239976585812,
            0.6799617403265484
          ]
        ],
        "bbox_mode": "obb"
      },
      "point_count": 5247,
      "source": "copied_unknown"
    }
  ]
}