{
  "source_ply": "/home/yli581/Desktop/sketch_lib/controlNet_process/sketch/clusters/labeled_clusters.ply",
  "primitives": [
    {
      "cluster_id": 0,
      "label": "fuel_tank_0",
      "parameters": {
        "center": [
          -0.05113935427797588,
          -0.05617164006196234,
          1.0442420264453518
        ],
        "extent": [
          0.1833795171732861,
          0.10966700728359431,
          0.035343850625030274
        ],
        "rotation": [
          [
            0.08526272582230089,
            -0.16518700891847582,
            0.9825698548550726
          ],
          [
            0.10406694378910349,
            0.9822435168893364,
            0.15610171280054397
          ],
          [
            -0.9909088448468641,
            0.08894338431516605,
            0.10093926684307722
          ]
        ]
      },
      "point_count": 1369,
      "color_rgb": [
        1.0,
        0.4980392156862745,
        0.054901960784313725
      ]
    },
    {
      "cluster_id": 1,
      "label": "seat_0",
      "parameters": {
        "center": [
          -0.04155184649412487,
          -0.08639429752571305,
          1.0363283542269581
        ],
        "extent": [
          0.18182445864868563,
          0.09952033552755842,
          0.05838522833862868
        ],
        "rotation": [
          [
            0.06870682745347183,
            -0.7339616910901667,
            0.6757067469496971
          ],
          [
            0.3423431037157438,
            0.6535262435356745,
            0.6750589961984229
          ],
          [
            -0.9370595345011706,
            0.18494238297970905,
            0.29616843818718486
          ]
        ]
      },
      "point_count": 2778,
      "color_rgb": [
        0.8392156862745098,
        0.15294117647058825,
        0.1568627450980392
      ]
    },
    {
      "cluster_id": 2,
      "label": "front_fender_0",
      "parameters": {
        "center": [
          0.018512470547980144,
          0.01742151374261961,
          0.8563667339096124
        ],
        "extent": [
          0.13680748247538999,
          0.11941568407421543,
          0.08313900551713839
        ],
        "rotation": [
          [
            0.9662604842037139,
            0.21738611015544881,
            0.13814469145749866
          ],
          [
            0.129926579080302,
            -0.8744867888328511,
            0.46732423455808336
          ],
          [
            0.2223955051589273,
            -0.4336082739850469,
            -0.8732262616394528
          ]
        ]
      },
      "point_count": 3161,
      "color_rgb": [
        0.12156862745098039,
        0.4666666666666667,
        0.7058823529411765
      ]
    },
    {
      "cluster_id": 3,
      "label": "fuel_tank_0",
      "parameters": {
        "center": [
          0.021958392309898295,
          0.003982890343713004,
          0.8947831997856686
        ],
        "extent": [
          0.1845560715692444,
          0.1259981875110961,
          0.1036941090627495
        ],
        "rotation": [
          [
            0.38552696306327716,
            -0.5937208485859586,
            -0.7063034154706996
          ],
          [
            0.36898596549455853,
            -0.602401235611593,
            0.7077867677497756
          ],
          [
            -0.8457058105625472,
            -0.5334869307565043,
            -0.013167258361164585
          ]
        ]
      },
      "point_count": 636,
      "color_rgb": [
        1.0,
        0.4980392156862745,
        0.054901960784313725
      ]
    },
    {
      "cluster_id": 4,
      "label": "front_wheel_0",
      "parameters": {
        "center": [
          -0.017034470014275722,
          0.05246548031729015,
          1.211704313368359
        ],
        "extent": [
          0.1278992776443736,
          0.11617204448076784,
          0.10649423867937567
        ],
        "rotation": [
          [
            0.5857872893229039,
            0.5664065133897739,
            -0.5796869096826014
          ],
          [
            -0.8102244132001988,
            0.4266861339976247,
            -0.4018399473777523
          ],
          [
            0.019739602886536513,
            0.7050692197534941,
            0.708863698770138
          ]
        ]
      },
      "point_count": 4734,
      "color_rgb": [
        0.6823529411764706,
        0.7803921568627451,
        0.9098039215686274
      ]
    },
    {
      "cluster_id": 5,
      "label": "fuel_tank_0",
      "parameters": {
        "center": [
          -0.01488700646908802,
          0.03370702942427864,
          1.199675302578289
        ],
        "extent": [
          0.1297998021533586,
          0.08965001579458301,
          0.05535133105464646
        ],
        "rotation": [
          [
            0.8545426364140546,
            -0.5193219685364421,
            -0.007847008726366123
          ],
          [
            0.1549880028126258,
            0.26939406057856924,
            -0.9504764905609944
          ],
          [
            0.49571725966993585,
            0.8110064938830176,
            0.31069738548128256
          ]
        ]
      },
      "point_count": 769,
      "color_rgb": [
        1.0,
        0.4980392156862745,
        0.054901960784313725
      ]
    },
    {
      "cluster_id": 6,
      "label": "fuel_tank_0",
      "parameters": {
        "center": [
          0.017044004132173655,
          0.048574471375433526,
          1.0069126092526246
        ],
        "extent": [
          0.13324358680090326,
          0.14010130875125326,
          0.11413138405950969
        ],
        "rotation": [
          [
            -0.1906960442682478,
            0.0876842427436958,
            -0.9777251619319753
          ],
          [
            0.9074550937841181,
            0.395600183241492,
            -0.14151235912299448
          ],
          [
            0.37437984917153316,
            -0.9142275256158954,
            -0.15500890277831636
          ]
        ]
      },
      "point_count": 2120,
      "color_rgb": [
        1.0,
        0.4980392156862745,
        0.054901960784313725
      ]
    },
    {
      "cluster_id": 7,
      "label": "front_wheel_0",
      "parameters": {
        "center": [
          0.009528631231893963,
          0.1389815882775318,
          0.8296119908451223
        ],
        "extent": [
          0.14936947042811843,
          0.1020623467486782,
          0.09441353060550824
        ],
        "rotation": [
          [
            0.21489374072933998,
            -0.3733268303652898,
            -0.9024675938363425
          ],
          [
            -0.9757605158484131,
            -0.042921208760647145,
            -0.21459073966451583
          ],
          [
            0.04137748066992817,
            0.9267064516706092,
            -0.37350107968448854
          ]
        ]
      },
      "point_count": 3924,
      "color_rgb": [
        0.6823529411764706,
        0.7803921568627451,
        0.9098039215686274
      ]
    },
    {
      "cluster_id": 8,
      "label": "rear_wheel_0",
      "parameters": {
        "center": [
          0.023903969758058436,
          0.14404699326052267,
          0.8148558707085369
        ],
        "extent": [
          0.1552787313793697,
          0.09462362522567355,
          0.06898907373772445
        ],
        "rotation": [
          [
            0.2980539118128004,
            0.5529133598170491,
            -0.7781071148556025
          ],
          [
            -0.9049766461067121,
            -0.0955980234456028,
            -0.41458206414983856
          ],
          [
            -0.30361346421813096,
            0.827736573101078,
            0.47188031310529316
          ]
        ]
      },
      "point_count": 3677,
      "color_rgb": [
        0.596078431372549,
        0.8745098039215686,
        0.5411764705882353
      ]
    },
    {
      "cluster_id": 9,
      "label": "front_fender_0",
      "parameters": {
        "center": [
          0.07785484066868693,
          -0.06877721984291871,
          0.858522907161654
        ],
        "extent": [
          0.1767891000620921,
          0.10274975564146352,
          0.07711730837364747
        ],
        "rotation": [
          [
            0.8173269543183164,
            -0.5181403133817696,
            -0.2520064788718469
          ],
          [
            -0.4182274780060237,
            -0.23267367738234132,
            -0.8780368651110836
          ],
          [
            0.39631102228611537,
            0.823039230840195,
            -0.40687098460385984
          ]
        ]
      },
      "point_count": 2185,
      "color_rgb": [
        0.12156862745098039,
        0.4666666666666667,
        0.7058823529411765
      ]
    },
    {
      "cluster_id": 10,
      "label": "handlebar_0",
      "parameters": {
        "center": [
          0.09192318755126218,
          -0.08877443659465839,
          0.824376270936539
        ],
        "extent": [
          0.1642127793355515,
          0.06553757732185038,
          0.05412816964516832
        ],
        "rotation": [
          [
            0.9466482651832813,
            -0.29872000516209435,
            -0.12092733579072261
          ],
          [
            -0.11520013695556983,
            0.036776493096425195,
            -0.9926612805992517
          ],
          [
            0.30097506619469644,
            0.9536319248386596,
            0.0004018178832140354
          ]
        ]
      },
      "point_count": 1822,
      "color_rgb": [
        1.0,
        0.7333333333333333,
        0.47058823529411764
      ]
    },
    {
      "cluster_id": 11,
      "label": "headlight_0",
      "parameters": {
        "center": [
          0.038605829518352626,
          -0.07581389681633058,
          0.8155626280282421
        ],
        "extent": [
          0.09686216776011891,
          0.05759750599155066,
          0.047133017009420235
        ],
        "rotation": [
          [
            0.1037128428043494,
            0.014572373934485473,
            -0.9945005239593161
          ],
          [
            -0.13770501094439003,
            -0.9900525093648872,
            -0.028867952145857308
          ],
          [
            -0.9850284139040081,
            0.13994168291900597,
            -0.10067447135967815
          ]
        ]
      },
      "point_count": 927,
      "color_rgb": [
        0.17254901960784313,
        0.6274509803921569,
        0.17254901960784313
      ]
    },
    {
      "cluster_id": 12,
      "label": "front_wheel_0",
      "parameters": {
        "center": [
          -0.003110136665912473,
          0.00017940315642479658,
          1.244927021995523
        ],
        "extent": [
          0.08194352183671896,
          0.04326067374397128,
          0.04450381175468987
        ],
        "rotation": [
          [
            0.9879225260780375,
            0.04188943249137243,
            0.14917894594459377
          ],
          [
            -0.08838655956925333,
            0.9431142900565176,
            0.3205046832398892
          ],
          [
            -0.12726703640416911,
            -0.3298192100784028,
            0.9354263146331507
          ]
        ]
      },
      "point_count": 695,
      "color_rgb": [
        0.6823529411764706,
        0.7803921568627451,
        0.9098039215686274
      ]
    },
    {
      "cluster_id": 13,
      "label": "fuel_tank_0",
      "parameters": {
        "center": [
          -0.017086960130657084,
          -0.022224851463067935,
          1.2184559410452405
        ],
        "extent": [
          0.1231807502185459,
          0.1147032424543436,
          0.0837013241549407
        ],
        "rotation": [
          [
            -0.9398857388113732,
            -0.21417757276486565,
            -0.26597512158762115
          ],
          [
            0.3012152204495922,
            -0.8869109237719397,
            -0.3502262186980125
          ],
          [
            -0.16088563934827374,
            -0.4092883831952174,
            0.8981084736449946
          ]
        ]
      },
      "point_count": 5199,
      "color_rgb": [
        1.0,
        0.4980392156862745,
        0.054901960784313725
      ]
    },
    {
      "cluster_id": 14,
      "label": "front_wheel_0",
      "parameters": {
        "center": [
          -0.033273510828892544,
          0.07908020687897234,
          1.0820393643079
        ],
        "extent": [
          0.15113531978369527,
          0.07328046089482984,
          0.0553233175234938
        ],
        "rotation": [
          [
            0.15079421176268712,
            -0.7338422592603007,
            -0.6623719832711883
          ],
          [
            0.08818319133524069,
            -0.6573772425673123,
            0.7483841832378135
          ],
          [
            -0.9846242077385677,
            -0.17126207834291457,
            -0.034416130765430236
          ]
        ]
      },
      "point_count": 836,
      "color_rgb": [
        0.6823529411764706,
        0.7803921568627451,
        0.9098039215686274
      ]
    },
    {
      "cluster_id": 15,
      "label": "fuel_tank_0",
      "parameters": {
        "center": [
          -0.053953736844259366,
          0.03239260804720513,
          1.0761433005577552
        ],
        "extent": [
          0.168869078217621,
          0.08491242821256967,
          0.03368351013969372
        ],
        "rotation": [
          [
            0.05738868853133227,
            0.15012483751202185,
            0.9870000362667891
          ],
          [
            0.0980087149214344,
            0.9830067380972771,
            -0.15521612240614824
          ],
          [
            -0.9935294813079795,
            0.10564225488572478,
            0.04169992511452314
          ]
        ]
      },
      "point_count": 1597,
      "color_rgb": [
        1.0,
        0.4980392156862745,
        0.054901960784313725
      ]
    },
    {
      "cluster_id": 16,
      "label": "front_fender_0",
      "parameters": {
        "center": [
          -0.011644614243958906,
          -0.04603026116286739,
          0.82737515971283
        ],
        "extent": [
          0.09058342418426343,
          0.09180907588829443,
          0.04843329023294981
        ],
        "rotation": [
          [
            -0.7406551118298488,
            0.460234420973332,
            -0.4895041195655624
          ],
          [
            0.6684046365983515,
            0.4306492735107133,
            -0.6064457477784148
          ],
          [
            -0.0683026141091271,
            -0.7763539662911735,
            -0.6265854067322532
          ]
        ]
      },
      "point_count": 1341,
      "color_rgb": [
        0.12156862745098039,
        0.4666666666666667,
        0.7058823529411765
      ]
    },
    {
      "cluster_id": 17,
      "label": "handlebar_0",
      "parameters": {
        "center": [
          -0.051396889911450847,
          -0.08588329968540492,
          0.8171766964311962
        ],
        "extent": [
          0.15568645612179122,
          0.07225279996682546,
          0.06312800264029395
        ],
        "rotation": [
          [
            0.9571813397749847,
            -0.2526010923895717,
            -0.1414092320542072
          ],
          [
            0.1726152631510576,
            0.10587653611247246,
            0.9792824567141574
          ],
          [
            -0.2323958986597153,
            -0.9617602857388214,
            0.14494584872194147
          ]
        ]
      },
      "point_count": 2886,
      "color_rgb": [
        1.0,
        0.7333333333333333,
        0.47058823529411764
      ]
    },
    {
      "cluster_id": 18,
      "label": "front_fender_0",
      "parameters": {
        "center": [
          -0.018019043160065248,
          0.09013868259554952,
          0.8920431993687252
        ],
        "extent": [
          0.10259735781774797,
          0.10056376667543972,
          0.04874502471699435
        ],
        "rotation": [
          [
            0.002051254435844092,
            -0.632200455381933,
            -0.7748021531785493
          ],
          [
            0.9997610931127092,
            0.01815718144218763,
            -0.012168543879870897
          ],
          [
            0.021761182259249993,
            -0.7745920868282558,
            0.6320866633379697
          ]
        ]
      },
      "point_count": 1708,
      "color_rgb": [
        0.12156862745098039,
        0.4666666666666667,
        0.7058823529411765
      ]
    },
    {
      "cluster_id": 19,
      "label": "front_wheel_0",
      "parameters": {
        "center": [
          -0.017728383946651122,
          0.10507392064730216,
          0.9289673768053112
        ],
        "extent": [
          0.1504904859914235,
          0.0725737232069962,
          0.0643358633532581
        ],
        "rotation": [
          [
            -0.021058951716440677,
            0.17848674987738541,
            0.9837169311701472
          ],
          [
            -0.30897222692093934,
            -0.9369321838930199,
            0.1633837377983864
          ],
          [
            0.9508378849962386,
            -0.30050052063792515,
            0.07487825820767889
          ]
        ]
      },
      "point_count": 967,
      "color_rgb": [
        0.6823529411764706,
        0.7803921568627451,
        0.9098039215686274
      ]
    },
    {
      "cluster_id": 20,
      "label": "fuel_tank_0",
      "parameters": {
        "center": [
          -0.011888537359633963,
          -0.08469763184301231,
          1.153545692974231
        ],
        "extent": [
          0.11885478563188193,
          0.12949282411133414,
          0.09741154975079806
        ],
        "rotation": [
          [
            0.9586716062283193,
            -0.27667517158026833,
            0.06632948697708692
          ],
          [
            -0.08464190159788139,
            -0.49991815617809837,
            -0.8619266706729668
          ],
          [
            0.27163302432787695,
            0.820690371915328,
            -0.5026756544134314
          ]
        ]
      },
      "point_count": 4750,
      "color_rgb": [
        1.0,
        0.4980392156862745,
        0.054901960784313725
      ]
    },
    {
      "cluster_id": 21,
      "label": "seat_0",
      "parameters": {
        "center": [
          -0.010587236927127347,
          -0.10829490065759216,
          1.1451178677664868
        ],
        "extent": [
          0.11205738617634434,
          0.08338755823987139,
          0.06832779251713177
        ],
        "rotation": [
          [
            0.9989206526852696,
            -0.03786534957092872,
            0.02690250807464549
          ],
          [
            -0.010590551194061831,
            0.3782587353057207,
            0.9256393300796607
          ],
          [
            -0.04522576549093395,
            -0.9249251561433435,
            0.3774494478323832
          ]
        ]
      },
      "point_count": 2091,
      "color_rgb": [
        0.8392156862745098,
        0.15294117647058825,
        0.1568627450980392
      ]
    },
    {
      "cluster_id": 22,
      "label": "front_fender_0",
      "parameters": {
        "center": [
          0.04852667240132224,
          0.09495860890666386,
          0.8948222614171821
        ],
        "extent": [
          0.07772404984772213,
          0.05652195852622591,
          0.06969621548501585
        ],
        "rotation": [
          [
            0.0891337313296363,
            0.26189209402133534,
            0.9609722727677299
          ],
          [
            0.12037980408184086,
            0.9549073666402845,
            -0.2714049076662668
          ],
          [
            -0.9887183019993481,
            0.13987298604533047,
            0.053587937693934225
          ]
        ]
      },
      "point_count": 699,
      "color_rgb": [
        0.12156862745098039,
        0.4666666666666667,
        0.7058823529411765
      ]
    },
    {
      "cluster_id": 23,
      "label": "front_wheel_0",
      "parameters": {
        "center": [
          0.029019397158083743,
          0.1494635709536863,
          0.9024699073593747
        ],
        "extent": [
          0.1471485429869121,
          0.15385896400384652,
          0.08740302349561277
        ],
        "rotation": [
          [
            0.5495315211210551,
            -0.2192226528089284,
            -0.806198819020343
          ],
          [
            -0.7070588010805315,
            0.3920141082356896,
            -0.588551434250855
          ],
          [
            0.4450651178298978,
            0.893457535330915,
            0.06042080313489792
          ]
        ]
      },
      "point_count": 2112,
      "color_rgb": [
        0.6823529411764706,
        0.7803921568627451,
        0.9098039215686274
      ]
    },
    {
      "cluster_id": 24,
      "label": "rear_wheel_0",
      "parameters": {
        "center": [
          0.04103722819512691,
          0.16035081124266434,
          0.9035312408958582
        ],
        "extent": [
          0.14209644485413586,
          0.08282722053699551,
          0.05804411419721048
        ],
        "rotation": [
          [
            0.4645707713098844,
            -0.7518334840817473,
            -0.46788931453714544
          ],
          [
            -0.6127349535113067,
            0.10854089586715467,
            -0.7827993042088452
          ],
          [
            0.6393198535866347,
            0.6503578139284991,
            -0.4102497272054033
          ]
        ]
      },
      "point_count": 1572,
      "color_rgb": [
        0.596078431372549,
        0.8745098039215686,
        0.5411764705882353
      ]
    },
    {
      "cluster_id": 25,
      "label": "front_wheel_0",
      "parameters": {
        "center": [
          0.017500171003528395,
          0.08374234831392857,
          1.1489711414279107
        ],
        "extent": [
          0.1279931042133494,
          0.09359322223090139,
          0.10633143674721567
        ],
        "rotation": [
          [
            0.6795891309805258,
            -0.5535080727227324,
            -0.4814430667108005
          ],
          [
            -0.61902322460535,
            -0.08050655752464198,
            -0.7812355224864818
          ],
          [
            0.3936608444490362,
            0.8289436094369135,
            -0.3973457334883235
          ]
        ]
      },
      "point_count": 1596,
      "color_rgb": [
        0.6823529411764706,
        0.7803921568627451,
        0.9098039215686274
      ]
    },
    {
      "cluster_id": 26,
      "label": "fuel_tank_0",
      "parameters": {
        "center": [
          0.03855404779563351,
          0.047631092462289526,
          1.1169479552342028
        ],
        "extent": [
          0.12228563924010784,
          0.0852121091495738,
          0.02920975159685128
        ],
        "rotation": [
          [
            -0.055644377214323304,
            -0.09939929291924272,
            -0.9934905554918905
          ],
          [
            -0.8311690884945067,
            0.5559457578199268,
            -0.00906976809177451
          ],
          [
            0.5532283882951428,
            0.8252539578391502,
            -0.11355287515152028
          ]
        ]
      },
      "point_count": 1006,
      "color_rgb": [
        1.0,
        0.4980392156862745,
        0.054901960784313725
      ]
    },
    {
      "cluster_id": 27,
      "label": "fuel_tank_0",
      "parameters": {
        "center": [
          0.021998517765394323,
          -0.04799442985847032,
          1.0352093488161294
        ],
        "extent": [
          0.19438135378992455,
          0.12183084635703761,
          0.07891803158510632
        ],
        "rotation": [
          [
            0.22295783720556192,
            0.38827450100741795,
            -0.8941659324175009
          ],
          [
            0.05406104425059906,
            0.9109185925240755,
            0.4090289981022031
          ],
          [
            0.9733279027764246,
            -0.13953576481102575,
            0.18210591427916112
          ]
        ]
      },
      "point_count": 1513,
      "color_rgb": [
        1.0,
        0.4980392156862745,
        0.054901960784313725
      ]
    },
    {
      "cluster_id": 28,
      "label": "seat_0",
      "parameters": {
        "center": [
          0.022343676554893836,
          -0.07073430547896627,
          1.032799658919752
        ],
        "extent": [
          0.16735411748600065,
          0.09849566369142469,
          0.0727752510102079
        ],
        "rotation": [
          [
            -0.09097763136375848,
            0.8226242145322915,
            0.5612597190753765
          ],
          [
            0.3427413972973602,
            0.5550306158621523,
            -0.7579375634142518
          ],
          [
            -0.9350141203051926,
            0.12341157612157143,
            -0.33244274350494774
          ]
        ]
      },
      "point_count": 2693,
      "color_rgb": [
        0.8392156862745098,
        0.15294117647058825,
        0.1568627450980392
      ]
    }
  ]
}