{
  "primitives": [
    {
      "cluster_id": 7,
      "label": "cluster_7",
      "parameters": {
        "center": [
          -0.056179154177895436,
          0.019489101948164146,
          1.140846527670588
        ],
        "extent": [
          0.15032836900691532,
          0.09839063391593128,
          0.03408696575526472
        ],
        "rotation": [
          [
            0.00778485225235314,
            -0.11806512356103516,
            -0.9929753384016778
          ],
          [
            0.38784850813904687,
            -0.9149146636394643,
            0.11182438460282985
          ],
          [
            -0.9216902575213242,
            -0.3859945399302995,
            0.038668906556455114
          ]
        ]
      },
      "point_count": 1400,
      "rank": 3,
      "used_fallback_aabb": false
    },
    {
      "cluster_id": 8,
      "label": "cluster_8",
      "parameters": {
        "center": [
          0.0005367380501580272,
          -0.05151876087216145,
          1.0901807912176749
        ],
        "extent": [
          0.1391209669823604,
          0.11804688875635948,
          0.11217930331234
        ],
        "rotation": [
          [
            0.923087129627312,
            0.21440503253546694,
            -0.3192814325009763
          ],
          [
            -0.3135240803548831,
            0.9003269628535022,
            -0.30185097481474693
          ],
          [
            0.22273931434310132,
            0.3787371674162091,
            0.898301372515656
          ]
        ]
      },
      "point_count": 1794,
      "rank": 3,
      "used_fallback_aabb": false
    },
    {
      "cluster_id": 10,
      "label": "cluster_10",
      "parameters": {
        "center": [
          -0.0021136444162050154,
          0.07566143792124255,
          1.0174509823653233
        ],
        "extent": [
          0.14362080968350077,
          0.1578058930333729,
          0.18699213257865932
        ],
        "rotation": [
          [
            0.9982978697042244,
            -0.02666772896500812,
            0.051867095309612136
          ],
          [
            0.05829366585566973,
            0.48359083860163066,
            -0.8733508741288802
          ],
          [
            -0.0017921677139841317,
            0.874887840270066,
            0.4843222636659031
          ]
        ]
      },
      "point_count": 4944,
      "rank": 3,
      "used_fallback_aabb": false
    },
    {
      "cluster_id": 11,
      "label": "cluster_11",
      "parameters": {
        "center": [
          -0.012232397993651067,
          -0.02350150991768137,
          1.2236076721861915
        ],
        "extent": [
          0.13370569435300503,
          0.11886179212495243,
          0.07650642395888012
        ],
        "rotation": [
          [
            -0.8570010089406428,
            0.4669406118894995,
            0.21798104422857553
          ],
          [
            0.5152825601467785,
            0.7717767990384995,
            0.3726183780685935
          ],
          [
            0.005757940890822358,
            0.4316561564881789,
            -0.9020198493838983
          ]
        ]
      },
      "point_count": 4062,
      "rank": 3,
      "used_fallback_aabb": false
    },
    {
      "cluster_id": 12,
      "label": "cluster_12",
      "parameters": {
        "center": [
          0.07281067759697427,
          -0.08336015218482058,
          0.8516660416780586
        ],
        "extent": [
          0.19412414790840016,
          0.10540276550956522,
          0.09633729389825246
        ],
        "rotation": [
          [
            0.8228204888766627,
            0.2715232537413018,
            0.49924098966581887
          ],
          [
            -0.08085079427984045,
            -0.8136143826572598,
            0.5757558383529991
          ],
          [
            0.562520748194312,
            -0.5141077309387427,
            -0.6475057133646998
          ]
        ]
      },
      "point_count": 585,
      "rank": 3,
      "used_fallback_aabb": false
    },
    {
      "cluster_id": 13,
      "label": "cluster_13",
      "parameters": {
        "center": [
          0.032311478463040805,
          0.08745872705582874,
          0.8090392203778853
        ],
        "extent": [
          0.08890674000937174,
          0.07759285299358994,
          0.02565417667891437
        ],
        "rotation": [
          [
            -0.7243863129502435,
            -0.043819768608277236,
            -0.6880002161987081
          ],
          [
            0.1154049977151954,
            -0.9916031291779246,
            -0.058351698406336555
          ],
          [
            -0.6796662093356619,
            -0.12166783504141655,
            0.7233607549512394
          ]
        ]
      },
      "point_count": 394,
      "rank": 3,
      "used_fallback_aabb": false
    },
    {
      "cluster_id": 14,
      "label": "cluster_14",
      "parameters": {
        "center": [
          0.021775212530806012,
          0.07270457241187692,
          1.122593840204047
        ],
        "extent": [
          0.13534993355681396,
          0.11581864385993179,
          0.12401079578510127
        ],
        "rotation": [
          [
            0.6522150625901774,
            0.2359796584716231,
            0.7203673458160824
          ],
          [
            -0.6825298924930978,
            -0.23064079934557086,
            0.6935111877472466
          ],
          [
            0.32980063369231344,
            -0.9439906898189475,
            0.010635767546174818
          ]
        ]
      },
      "point_count": 1425,
      "rank": 3,
      "used_fallback_aabb": false
    },
    {
      "cluster_id": 15,
      "label": "cluster_15",
      "parameters": {
        "center": [
          0.013080188802210542,
          0.07401722145497913,
          0.9391579254964808
        ],
        "extent": [
          0.1685975529017913,
          0.15570685315845523,
          0.08613628845296566
        ],
        "rotation": [
          [
            0.7945699246621647,
            -0.568101451757427,
            -0.2142880662413701
          ],
          [
            0.5840544209301013,
            0.8115933855893176,
            0.014021763786107727
          ],
          [
            0.16594899280913397,
            -0.1362971642359929,
            0.9766698596797492
          ]
        ]
      },
      "point_count": 1678,
      "rank": 3,
      "used_fallback_aabb": false
    },
    {
      "cluster_id": 16,
      "label": "cluster_16",
      "parameters": {
        "center": [
          -0.008176754336008327,
          -0.04228527151415943,
          0.9928278499029031
        ],
        "extent": [
          0.14007279130580347,
          0.14622865110646616,
          0.13546156872354992
        ],
        "rotation": [
          [
            0.939473713348501,
            -0.2510847039386084,
            -0.23312145627384898
          ],
          [
            -0.0051178548096746,
            0.6700462533289748,
            -0.7423017081766353
          ],
          [
            0.34258276297754053,
            0.6985660239718683,
            0.6282058266705345
          ]
        ]
      },
      "point_count": 1299,
      "rank": 3,
      "used_fallback_aabb": false
    },
    {
      "cluster_id": 17,
      "label": "cluster_17",
      "parameters": {
        "center": [
          0.007684037853368019,
          0.04541704396438979,
          1.2326356382490404
        ],
        "extent": [
          0.11195747462375727,
          0.09452213758272462,
          0.057259012053008554
        ],
        "rotation": [
          [
            0.32638958836480486,
            -0.5174730280259138,
            -0.7910066383240694
          ],
          [
            -0.8643649132940471,
            -0.5020734838615526,
            -0.028204848329637683
          ],
          [
            -0.38254821039083126,
            0.692924153186202,
            -0.6111570867280826
          ]
        ]
      },
      "point_count": 587,
      "rank": 3,
      "used_fallback_aabb": false
    },
    {
      "cluster_id": 18,
      "label": "cluster_18",
      "parameters": {
        "center": [
          -0.06061518314450354,
          -0.0859702204900727,
          0.8261666988194063
        ],
        "extent": [
          0.16665455430435103,
          0.11625861173748012,
          0.048961605435878124
        ],
        "rotation": [
          [
            0.8886928132575314,
            -0.4581389971051148,
            -0.01826863421097455
          ],
          [
            0.011562294601750076,
            -0.017438608758128575,
            0.999781080171116
          ],
          [
            -0.4583572809588139,
            -0.8887094881096411,
            -0.010200428223479047
          ]
        ]
      },
      "point_count": 1027,
      "rank": 3,
      "used_fallback_aabb": false
    },
    {
      "cluster_id": 19,
      "label": "cluster_19",
      "parameters": {
        "center": [
          -0.016858697476994332,
          -0.08724504087706456,
          1.162590769881678
        ],
        "extent": [
          0.12053170733259738,
          0.10219675811111395,
          0.093313708348519
        ],
        "rotation": [
          [
            0.961674016194907,
            -0.009323221597762431,
            -0.27403679335920716
          ],
          [
            -0.186781724324286,
            0.7094000233813983,
            -0.6796059110138154
          ],
          [
            0.200737824123916,
            0.7047444106663852,
            0.6804701621676628
          ]
        ]
      },
      "point_count": 5247,
      "rank": 3,
      "used_fallback_aabb": false
    },
    {
      "cluster_id": 21,
      "label": "fender_0",
      "parameters": {
        "center": [
          -0.01612524908696897,
          -0.016147459390479225,
          1.0125792420011535
        ],
        "extent": [
          0.4971440423616971,
          0.28706422168545254,
          0.2818202525633214
        ],
        "rotation": [
          [
            0.08634115889257608,
            -0.290500771534895,
            0.952971408814933
          ],
          [
            0.08042478376876155,
            0.9554540154130118,
            0.2839709115154234
          ],
          [
            -0.9930141280147202,
            0.05212414189973025,
            0.10585846869467702
          ]
        ]
      },
      "point_count": 18368,
      "rank": 3,
      "used_fallback_aabb": false
    },
    {
      "cluster_id": 22,
      "label": "handlebar_0",
      "parameters": {
        "center": [
          0.016786981185317462,
          -0.09404578856449576,
          0.8235046820506021
        ],
        "extent": [
          0.299717547412208,
          0.10708457698676957,
          0.05333150340715162
        ],
        "rotation": [
          [
            0.9960904664350052,
            -0.08831265069191434,
            0.0021583338624301604
          ],
          [
            -0.03313193022155572,
            -0.39612539536847435,
            -0.917598466838281
          ],
          [
            0.08189052373191757,
            0.913939575066064,
            -0.39750269841973956
          ]
        ]
      },
      "point_count": 3977,
      "rank": 3,
      "used_fallback_aabb": false
    },
    {
      "cluster_id": 23,
      "label": "headlight_0",
      "parameters": {
        "center": [
          0.03015523357052534,
          -0.08453699096997017,
          0.8116488219237589
        ],
        "extent": [
          0.08228418184368297,
          0.05771258076671104,
          0.08120934634480446
        ],
        "rotation": [
          [
            -0.6108044189391896,
            0.13646862404222485,
            0.7799322255532087
          ],
          [
            0.29264141427746093,
            0.9541956995518577,
            0.06222193830497939
          ],
          [
            -0.7357166332590603,
            0.2662459043981017,
            -0.6227633209632617
          ]
        ]
      },
      "point_count": 1086,
      "rank": 3,
      "used_fallback_aabb": false
    },
    {
      "cluster_id": 24,
      "label": "seat_0",
      "parameters": {
        "center": [
          -0.011918591631347623,
          -0.07348147679078906,
          1.073590540690675
        ],
        "extent": [
          0.255797381998336,
          0.129536680096711,
          0.0882232394912068
        ],
        "rotation": [
          [
            0.06844972544712505,
            -0.997090914326173,
            -0.03353123401262586
          ],
          [
            0.36910296085936306,
            -0.0059151237369024934,
            0.929369687259074
          ],
          [
            -0.9268644126144152,
            -0.07599157768709248,
            0.36762432012798324
          ]
        ]
      },
      "point_count": 8690,
      "rank": 3,
      "used_fallback_aabb": false
    },
    {
      "cluster_id": 25,
      "label": "wheel_0",
      "parameters": {
        "center": [
          0.012800984955093343,
          0.10942874463239,
          1.0211754428205082
        ],
        "extent": [
          0.5054582694719529,
          0.16578878587945217,
          0.11462741530503226
        ],
        "rotation": [
          [
            0.05234010743816872,
            0.23696503458975934,
            0.9701072546555021
          ],
          [
            0.18943481383296046,
            0.9514445006804864,
            -0.24262690170904747
          ],
          [
            -0.980497304668112,
            0.19647120528651105,
            0.004909280174639354
          ]
        ]
      },
      "point_count": 12538,
      "rank": 3,
      "used_fallback_aabb": false
    },
    {
      "cluster_id": 26,
      "label": "wheel_1",
      "parameters": {
        "center": [
          0.00041658003515603666,
          0.0658101126380792,
          1.171820699117622
        ],
        "extent": [
          0.19621512129151153,
          0.1336661982183377,
          0.14353136081703655
        ],
        "rotation": [
          [
            0.1377133519066412,
            -0.9448161863382478,
            -0.2972497379980127
          ],
          [
            -0.1939425938132198,
            0.2685772555049805,
            -0.9435319433545496
          ],
          [
            0.9712987712396418,
            0.1875863317479768,
            -0.14625342775367692
          ]
        ]
      },
      "point_count": 8611,
      "rank": 3,
      "used_fallback_aabb": false
    }
  ],
  "source_ply": "/home/yli581/Desktop/sketch_lib/controlNet_process/sketch/clusters/labeled_clusters.ply"
}