{
  "primitives": [
    {
      "cluster_id": 0,
      "label": "fender_0",
      "parameters": {
        "center": [
          0.008804239250410678,
          0.0035741984833822377,
          0.8819221487040344
        ],
        "extent": [
          0.16790228982926345,
          0.14955152934629418,
          0.14095791744830305
        ],
        "rotation": [
          [
            0.6755419699740376,
            -0.7014029200997769,
            -0.22732573650843424
          ],
          [
            0.2924298414939203,
            -0.028151852869689784,
            0.955872512934567
          ],
          [
            -0.6768514125030967,
            -0.7122088295265016,
            0.18609338660214111
          ]
        ]
      },
      "point_count": 5127,
      "rank": 3,
      "used_fallback_aabb": false,
      "color_rgb": [
        0.12156862745098039,
        0.4666666666666667,
        0.7058823529411765
      ]
    },
    {
      "cluster_id": 1,
      "label": "wheel_1",
      "parameters": {
        "center": [
          -0.041700846384453406,
          0.0648406869611576,
          1.17279870778073
        ],
        "extent": [
          0.15185402628281763,
          0.08030977821581824,
          0.04557989413736469
        ],
        "rotation": [
          [
            -0.13735243018399504,
            0.04475884914020221,
            -0.9895104624743466
          ],
          [
            -0.5361368219817351,
            0.8366325963533311,
            0.11226400507023401
          ],
          [
            0.8328815150055116,
            0.5459327285872579,
            -0.09091665314668748
          ]
        ]
      },
      "point_count": 2178,
      "rank": 3,
      "used_fallback_aabb": false,
      "color_rgb": [
        0.9686274509803922,
        0.7137254901960784,
        0.8235294117647058
      ]
    },
    {
      "cluster_id": 2,
      "label": "seat_0",
      "parameters": {
        "center": [
          -0.002747468485623166,
          -0.08090778459688969,
          1.0821765861344947
        ],
        "extent": [
          0.11829881509158158,
          0.12801271177310594,
          0.08939881881905071
        ],
        "rotation": [
          [
            0.9667978662481035,
            -0.23293886241686343,
            0.10507793390646662
          ],
          [
            -0.06016939820115619,
            -0.6071393914194695,
            -0.792313954759669
          ],
          [
            0.24835766414231086,
            0.7596849648128715,
            -0.6009968593087999
          ]
        ]
      },
      "point_count": 3732,
      "rank": 3,
      "used_fallback_aabb": false,
      "color_rgb": [
        1.0,
        0.7333333333333333,
        0.47058823529411764
      ]
    },
    {
      "cluster_id": 3,
      "label": "wheel_0",
      "parameters": {
        "center": [
          0.013054573393750202,
          0.17941013940697537,
          0.8740500023217632
        ],
        "extent": [
          0.1470533854367604,
          0.11129171070902136,
          0.13394686798553174
        ],
        "rotation": [
          [
            0.18425181697414572,
            -0.9453143493989403,
            -0.2691320284956514
          ],
          [
            0.6312120471176232,
            -0.09608613003125956,
            0.7696355028123347
          ],
          [
            -0.7534073397009783,
            -0.3116861184526415,
            0.5789897616094957
          ]
        ]
      },
      "point_count": 5151,
      "rank": 3,
      "used_fallback_aabb": false,
      "color_rgb": [
        0.8901960784313725,
        0.4666666666666667,
        0.7607843137254902
      ]
    },
    {
      "cluster_id": 4,
      "label": "fender_0",
      "parameters": {
        "center": [
          0.008419920612943289,
          0.0630412559024093,
          1.0118140749332922
        ],
        "extent": [
          0.13529744327262916,
          0.13060846327809617,
          0.10785058117926777
        ],
        "rotation": [
          [
            -0.9088906889847916,
            0.05095939715789912,
            -0.41390923560371856
          ],
          [
            0.3576156325669803,
            -0.41535671080212067,
            -0.8364148863664267
          ],
          [
            -0.21454317705410625,
            -0.9082301154624566,
            0.35928997000554225
          ]
        ]
      },
      "point_count": 594,
      "rank": 3,
      "used_fallback_aabb": false,
      "color_rgb": [
        0.12156862745098039,
        0.4666666666666667,
        0.7058823529411765
      ]
    },
    {
      "cluster_id": 5,
      "label": "fender_0",
      "parameters": {
        "center": [
          -0.010008132598410132,
          -0.02637328538418344,
          1.224809979047714
        ],
        "extent": [
          0.11551992197190723,
          0.10031076355050667,
          0.07164294700241079
        ],
        "rotation": [
          [
            0.3335074252236448,
            -0.9306590822456449,
            0.15048744118493323
          ],
          [
            -0.9109106760803932,
            -0.2769799463052717,
            0.30581669272211076
          ],
          [
            -0.24292907920513754,
            -0.2390727545715377,
            -0.9401221625395931
          ]
        ]
      },
      "point_count": 1522,
      "rank": 3,
      "used_fallback_aabb": false,
      "color_rgb": [
        0.12156862745098039,
        0.4666666666666667,
        0.7058823529411765
      ]
    },
    {
      "cluster_id": 6,
      "label": "fender_0",
      "parameters": {
        "center": [
          0.07872385737463233,
          -0.06597334936745333,
          0.8517418605063187
        ],
        "extent": [
          0.194089799601953,
          0.11360095752354357,
          0.07655543622070282
        ],
        "rotation": [
          [
            0.8601911373985826,
            -0.46041575346741537,
            -0.2192909963951215
          ],
          [
            -0.31251950936053047,
            -0.13611420826311602,
            -0.9401087589092862
          ],
          [
            0.4029922622209838,
            0.877205937205134,
            -0.26097314099745295
          ]
        ]
      },
      "point_count": 2715,
      "rank": 3,
      "used_fallback_aabb": false,
      "color_rgb": [
        0.12156862745098039,
        0.4666666666666667,
        0.7058823529411765
      ]
    },
    {
      "cluster_id": 7,
      "label": "handlebar_0",
      "parameters": {
        "center": [
          0.08598147039677119,
          -0.0945876855230287,
          0.8190040267974443
        ],
        "extent": [
          0.1795659845790733,
          0.04963415557187361,
          0.05072768248772093
        ],
        "rotation": [
          [
            0.9307838357957766,
            0.07900330011820314,
            0.35693126732150227
          ],
          [
            -0.1643656814337698,
            -0.7816741534471893,
            0.601638962002489
          ],
          [
            0.3265354097002546,
            -0.6186630717951841,
            -0.7145842356285462
          ]
        ]
      },
      "point_count": 1893,
      "rank": 3,
      "used_fallback_aabb": false,
      "color_rgb": [
        0.6823529411764706,
        0.7803921568627451,
        0.9098039215686274
      ]
    },
    {
      "cluster_id": 8,
      "label": "headlight_0",
      "parameters": {
        "center": [
          0.03015523357052534,
          -0.08453699096997017,
          0.8116488219237589
        ],
        "extent": [
          0.08228418184368297,
          0.05771258076671104,
          0.08120934634480446
        ],
        "rotation": [
          [
            -0.6108044189391896,
            0.13646862404222485,
            0.7799322255532087
          ],
          [
            0.29264141427746093,
            0.9541956995518577,
            0.06222193830497939
          ],
          [
            -0.7357166332590603,
            0.2662459043981017,
            -0.6227633209632617
          ]
        ]
      },
      "point_count": 1086,
      "rank": 3,
      "used_fallback_aabb": false,
      "color_rgb": [
        1.0,
        0.4980392156862745,
        0.054901960784313725
      ]
    },
    {
      "cluster_id": 9,
      "label": "fender_0",
      "parameters": {
        "center": [
          0.01328100530629931,
          0.09335531371270288,
          0.8171518065039896
        ],
        "extent": [
          0.10967268762871378,
          0.11243385532203573,
          0.10182827169982053
        ],
        "rotation": [
          [
            0.9383536819563385,
            -0.2706204386182526,
            0.21507427963624007
          ],
          [
            -0.3441723928452129,
            -0.6734318989487975,
            0.6542437171891047
          ],
          [
            -0.03221384115847359,
            -0.6879346303830629,
            -0.7250573858375181
          ]
        ]
      },
      "point_count": 1763,
      "rank": 3,
      "used_fallback_aabb": false,
      "color_rgb": [
        0.12156862745098039,
        0.4666666666666667,
        0.7058823529411765
      ]
    },
    {
      "cluster_id": 10,
      "label": "wheel_0",
      "parameters": {
        "center": [
          0.014061760733193065,
          0.1380930139272326,
          0.8164617683112955
        ],
        "extent": [
          0.1305950195908393,
          0.09836901578895396,
          0.08490298334622437
        ],
        "rotation": [
          [
            0.07558956277300427,
            -0.995340221342598,
            0.059867034146130066
          ],
          [
            0.9735862329906017,
            0.08664307648219456,
            0.2112411518356935
          ],
          [
            -0.21544387884308985,
            0.0423180939477246,
            0.9755988489095687
          ]
        ]
      },
      "point_count": 5493,
      "rank": 3,
      "used_fallback_aabb": false,
      "color_rgb": [
        0.8901960784313725,
        0.4666666666666667,
        0.7607843137254902
      ]
    },
    {
      "cluster_id": 11,
      "label": "wheel_1",
      "parameters": {
        "center": [
          0.020968558611129152,
          0.08859173574464119,
          1.126166616948674
        ],
        "extent": [
          0.13597077336442576,
          0.13057185248656594,
          0.09783274574893211
        ],
        "rotation": [
          [
            0.6546164601979162,
            -0.6173901969362398,
            -0.43624148675358804
          ],
          [
            -0.4251146491314713,
            0.1765328923446735,
            -0.8877576657028932
          ],
          [
            0.6251038514773174,
            0.766593427213836,
            -0.14690027985258955
          ]
        ]
      },
      "point_count": 2831,
      "rank": 3,
      "used_fallback_aabb": false,
      "color_rgb": [
        0.9686274509803922,
        0.7137254901960784,
        0.8235294117647058
      ]
    },
    {
      "cluster_id": 12,
      "label": "fender_0",
      "parameters": {
        "center": [
          0.01630574573653668,
          0.06907983214183441,
          0.9147612973819943
        ],
        "extent": [
          0.14559997025470772,
          0.12702097475378626,
          0.142151854794991
        ],
        "rotation": [
          [
            0.9792241369032809,
            -0.13297646690328765,
            0.15309261561533097
          ],
          [
            0.16076784811064057,
            0.04897615206100507,
            -0.9857763618301929
          ],
          [
            0.12358717053116254,
            0.9899083774669332,
            0.0693369706641789
          ]
        ]
      },
      "point_count": 4710,
      "rank": 3,
      "used_fallback_aabb": false,
      "color_rgb": [
        0.12156862745098039,
        0.4666666666666667,
        0.7058823529411765
      ]
    },
    {
      "cluster_id": 13,
      "label": "wheel_0",
      "parameters": {
        "center": [
          0.012964553347497347,
          0.11267755925092775,
          0.9325654837328406
        ],
        "extent": [
          0.13858920971513217,
          0.09946022377776695,
          0.07280821866406216
        ],
        "rotation": [
          [
            0.9686753651120948,
            -0.18729417068731916,
            0.16306112550666074
          ],
          [
            0.1355610489999343,
            -0.15134130489336164,
            -0.979141977155107
          ],
          [
            0.20806546810796597,
            0.9705754494420947,
            -0.12121079952417224
          ]
        ]
      },
      "point_count": 747,
      "rank": 3,
      "used_fallback_aabb": false,
      "color_rgb": [
        0.8901960784313725,
        0.4666666666666667,
        0.7607843137254902
      ]
    },
    {
      "cluster_id": 14,
      "label": "seat_0",
      "parameters": {
        "center": [
          -0.012439811231995314,
          -0.05117390329587833,
          1.0089541173477654
        ],
        "extent": [
          0.14438680091133688,
          0.1428438847337984,
          0.08702409429441711
        ],
        "rotation": [
          [
            0.9495815785977829,
            -0.31103009744422033,
            0.03943480786794183
          ],
          [
            -0.12254570871711207,
            -0.48398998261588294,
            -0.8664503713441978
          ],
          [
            0.2885781954042327,
            0.8179327449193583,
            -0.497703375441558
          ]
        ]
      },
      "point_count": 3385,
      "rank": 3,
      "used_fallback_aabb": false,
      "color_rgb": [
        1.0,
        0.7333333333333333,
        0.47058823529411764
      ]
    },
    {
      "cluster_id": 15,
      "label": "wheel_0",
      "parameters": {
        "center": [
          -0.0038447721790764535,
          0.06246949149241163,
          1.2350607649607326
        ],
        "extent": [
          0.11487416696868011,
          0.10124958870559675,
          0.031452231314776875
        ],
        "rotation": [
          [
            0.4044559387633883,
            -0.9043235508412705,
            0.1364342661975447
          ],
          [
            -0.8616281911550464,
            -0.4267986637480047,
            -0.27466299501352665
          ],
          [
            0.30661417743788216,
            -0.006466530503596736,
            -0.9518119195394315
          ]
        ]
      },
      "point_count": 1147,
      "rank": 3,
      "used_fallback_aabb": false,
      "color_rgb": [
        0.8901960784313725,
        0.4666666666666667,
        0.7607843137254902
      ]
    },
    {
      "cluster_id": 16,
      "label": "wheel_1",
      "parameters": {
        "center": [
          -0.003944685167786243,
          0.057522666579229095,
          1.2250812239166449
        ],
        "extent": [
          0.11519912099441965,
          0.11343104117162763,
          0.08706682198717204
        ],
        "rotation": [
          [
            0.1758482093836602,
            0.9173837143027436,
            0.35704975562050545
          ],
          [
            -0.978799185240617,
            0.20163316260973838,
            -0.036003093037951274
          ],
          [
            -0.10502172265233968,
            -0.343148930448715,
            0.9333912627098233
          ]
        ]
      },
      "point_count": 3602,
      "rank": 3,
      "used_fallback_aabb": false,
      "color_rgb": [
        0.9686274509803922,
        0.7137254901960784,
        0.8235294117647058
      ]
    },
    {
      "cluster_id": 17,
      "label": "fender_0",
      "parameters": {
        "center": [
          -0.05125584523851327,
          -0.07318522788696058,
          0.8468710296701168
        ],
        "extent": [
          0.16658647716572814,
          0.08687695044442706,
          0.08066603625546798
        ],
        "rotation": [
          [
            0.7872732269801669,
            -0.6133295824620283,
            0.06346407926684638
          ],
          [
            0.31791705661048264,
            0.4919467474019721,
            0.8105042522015216
          ],
          [
            -0.5283271819586437,
            -0.6179119848308288,
            0.582284438918012
          ]
        ]
      },
      "point_count": 1937,
      "rank": 3,
      "used_fallback_aabb": false,
      "color_rgb": [
        0.12156862745098039,
        0.4666666666666667,
        0.7058823529411765
      ]
    },
    {
      "cluster_id": 18,
      "label": "handlebar_0",
      "parameters": {
        "center": [
          -0.05763195953876758,
          -0.09255558698569964,
          0.8240634022329806
        ],
        "extent": [
          0.1436093186564271,
          0.0805001562730041,
          0.051891778029381615
        ],
        "rotation": [
          [
            0.9686777608219497,
            -0.21575885622322452,
            -0.12292888859100455
          ],
          [
            0.16999105240281534,
            0.21530263508838715,
            0.9616380906697592
          ],
          [
            -0.1810150209014627,
            -0.9524142435333707,
            0.24523594949109784
          ]
        ]
      },
      "point_count": 2084,
      "rank": 3,
      "used_fallback_aabb": false,
      "color_rgb": [
        0.6823529411764706,
        0.7803921568627451,
        0.9098039215686274
      ]
    },
    {
      "cluster_id": 19,
      "label": "seat_0",
      "parameters": {
        "center": [
          -0.01666057780464519,
          -0.11525508987991859,
          1.1622391686831752
        ],
        "extent": [
          0.10870719247394244,
          0.07796626756423468,
          0.06173750177909435
        ],
        "rotation": [
          [
            0.9852568721894788,
            -0.16855918184772767,
            -0.029269404131786032
          ],
          [
            -0.06573416858474208,
            -0.2150291793861033,
            -0.9743928730717462
          ],
          [
            0.15794908953165215,
            0.9619512743519621,
            -0.2229390743875072
          ]
        ]
      },
      "point_count": 1573,
      "rank": 3,
      "used_fallback_aabb": false,
      "color_rgb": [
        1.0,
        0.7333333333333333,
        0.47058823529411764
      ]
    },
    {
      "cluster_id": 26,
      "label": "unknown_6",
      "parameters": {
        "center": [
          0.023091991786706494,
          0.0026226467646811927,
          1.0074508832299407
        ],
        "extent": [
          0.5055033213659809,
          0.33263041755873446,
          0.29637245196324197
        ],
        "rotation": [
          [
            0.03452930579226905,
            0.054984461037148914,
            0.9978899919760487
          ],
          [
            0.17592435180279287,
            -0.9832283817889557,
            0.04808920551889878
          ],
          [
            0.9837979210611655,
            0.17389266312621116,
            -0.04362329912561506
          ]
        ]
      },
      "point_count": 24048,
      "rank": 3,
      "used_fallback_aabb": false,
      "color_rgb": [
        0.5490196078431373,
        0.33725490196078434,
        0.29411764705882354
      ]
    },
    {
      "cluster_id": 27,
      "label": "unknown_7",
      "parameters": {
        "center": [
          0.032311478463040805,
          0.08745872705582874,
          0.8090392203778853
        ],
        "extent": [
          0.08890674000937174,
          0.07759285299358994,
          0.02565417667891437
        ],
        "rotation": [
          [
            -0.7243863129502435,
            -0.043819768608277236,
            -0.6880002161987081
          ],
          [
            0.1154049977151954,
            -0.9916031291779246,
            -0.058351698406336555
          ],
          [
            -0.6796662093356619,
            -0.12166783504141655,
            0.7233607549512394
          ]
        ]
      },
      "point_count": 394,
      "rank": 3,
      "used_fallback_aabb": false,
      "color_rgb": [
        0.7686274509803922,
        0.611764705882353,
        0.5803921568627451
      ]
    }
  ],
  "source_ply": "/home/yli581/Desktop/sketch_lib/controlNet_process/sketch/clusters/labeled_clusters.ply"
}