{
  "source_ply": "/home/yli581/Desktop/sketch_lib/controlNet_process/sketch/dsl_optimize/merged_labeled_clusters.ply",
  "primitives": [
    {
      "cluster_id": 0,
      "label": "fender_0_0",
      "parameters": {
        "center": [
          0.023235265577922097,
          0.013749733008585747,
          0.898597219639536
        ],
        "extent": [
          0.2704852895779057,
          0.2814717562069427,
          0.28323995082118736
        ],
        "rotation": [
          [
            0.043902408516442934,
            0.18328205186145893,
            0.9820795629641771
          ],
          [
            -0.9680845930633702,
            0.2505993391564033,
            -0.003491688374227829
          ],
          [
            -0.2467484532875215,
            -0.9505828005386104,
            0.18843444515371505
          ]
        ]
      },
      "point_count": 16767
    },
    {
      "cluster_id": 2,
      "label": "wheel_0_0",
      "parameters": {
        "center": [
          0.003168846294225893,
          0.10318789597432461,
          0.9494669274290115
        ],
        "extent": [
          0.3659472791367938,
          0.1828240774712232,
          0.10305364270125217
        ],
        "rotation": [
          [
            0.16646896712213277,
            0.15212793421482418,
            0.9742408196215249
          ],
          [
            0.3568234878179664,
            0.9117720185152309,
            -0.20334400604414932
          ],
          [
            -0.9192198222007139,
            0.381482473888633,
            0.09749892609201691
          ]
        ]
      },
      "point_count": 11722
    },
    {
      "cluster_id": 4,
      "label": "seat_0_0",
      "parameters": {
        "center": [
          -0.014921067603797737,
          -0.07515283545237463,
          1.0734610579725576
        ],
        "extent": [
          0.2656486171369804,
          0.14365053911939935,
          0.10001037173031221
        ],
        "rotation": [
          [
            0.19301503379594054,
            -0.9804062150176543,
            0.039355435247354256
          ],
          [
            0.36893208339550876,
            0.10968209940725368,
            0.9229620549681697
          ],
          [
            -0.9091943216772757,
            -0.16362606951330858,
            0.3828736016042691
          ]
        ]
      },
      "point_count": 8696
    },
    {
      "cluster_id": 5,
      "label": "wheel_1_0",
      "parameters": {
        "center": [
          -0.008117689660451349,
          0.06538781249193792,
          1.1754130032600012
        ],
        "extent": [
          0.21616362722221089,
          0.14189992501949777,
          0.12171757855726625
        ],
        "rotation": [
          [
            0.3130352635611085,
            -0.7809807155781073,
            -0.5404424536084622
          ],
          [
            0.6260776172644861,
            -0.2582087745014974,
            0.7357683371353096
          ],
          [
            -0.7141678660704717,
            -0.5686803589588288,
            0.40812609375878767
          ]
        ]
      },
      "point_count": 8651
    },
    {
      "cluster_id": 6,
      "label": "handlebar_0_0",
      "parameters": {
        "center": [
          0.015369328219523248,
          -0.09527434685455508,
          0.8315425875426131
        ],
        "extent": [
          0.2983419985439324,
          0.10855567612045652,
          0.05642055957073534
        ],
        "rotation": [
          [
            0.9939858637591769,
            -0.10926688519480643,
            0.007269831273712033
          ],
          [
            -0.03273277723476019,
            -0.3598043173387599,
            -0.9324534404027306
          ],
          [
            0.10450199970059335,
            0.9266075766063074,
            -0.3612170137664659
          ]
        ]
      },
      "point_count": 4018
    },
    {
      "cluster_id": 7,
      "label": "headlight_0_0",
      "parameters": {
        "center": [
          0.018233239628532155,
          -0.08477612592392195,
          0.8028547791859043
        ],
        "extent": [
          0.10142762551684562,
          0.07479794378814426,
          0.06956624425087449
        ],
        "rotation": [
          [
            0.8823680838195505,
            -0.07480672863927222,
            0.4645756321708073
          ],
          [
            0.31517525313059314,
            -0.639155863859524,
            -0.7015300004333758
          ],
          [
            0.34941540388294484,
            0.7654304246920656,
            -0.5403935052210035
          ]
        ]
      },
      "point_count": 1180
    },
    {
      "cluster_id": 8,
      "label": "unknown_0_0",
      "parameters": {
        "center": [
          0.000787736570138229,
          0.026589735680145776,
          1.070327194574213
        ],
        "extent": [
          0.3991479756745829,
          0.26546988022708884,
          0.15904020794374443
        ],
        "rotation": [
          [
            -0.012275467010262282,
            -0.0995984603061863,
            -0.9949519885975991
          ],
          [
            -0.3511982306035498,
            0.932064434147285,
            -0.08897018275038765
          ],
          [
            0.9362206554710357,
            0.34833322738771066,
            -0.0464203292431843
          ]
        ]
      },
      "point_count": 20182
    },
    {
      "cluster_id": 9,
      "label": "unknown_1_0",
      "parameters": {
        "center": [
          0.12468859708921645,
          -0.09439416376312486,
          0.8547318059104249
        ],
        "extent": [
          0.1037824424136447,
          0.03238034973669664,
          0.031073432837812564
        ],
        "rotation": [
          [
            0.8389885656725656,
            0.29312296321924886,
            0.4584507771879747
          ],
          [
            -0.08732139441786754,
            -0.7590652812126686,
            0.6451316710055799
          ],
          [
            0.5370969751800976,
            -0.5812906564629259,
            -0.6112511856522573
          ]
        ]
      },
      "point_count": 230
    },
    {
      "cluster_id": 10,
      "label": "unknown_2_0",
      "parameters": {
        "center": [
          -0.05568271678136975,
          -0.030187100676511015,
          1.0793062307854482
        ],
        "extent": [
          0.1403560795718723,
          0.07823307431064544,
          0.02372597291303
        ],
        "rotation": [
          [
            0.0024025502805020507,
            -0.040582696341438,
            -0.9991732945339404
          ],
          [
            0.3849741397808032,
            -0.9221290332926889,
            0.038379130510232805
          ],
          [
            -0.922924232779799,
            -0.3847480873459277,
            0.013407827246434207
          ]
        ]
      },
      "point_count": 976
    },
    {
      "cluster_id": 11,
      "label": "unknown_3_0",
      "parameters": {
        "center": [
          0.04079930408330544,
          0.06712086652433571,
          0.8114182854541169
        ],
        "extent": [
          0.07308318067313774,
          0.038253092226410094,
          0.02044129530145855
        ],
        "rotation": [
          [
            0.8074338540106819,
            -0.4826699686682535,
            -0.3392348342125909
          ],
          [
            0.21774209912088102,
            0.7782307921681509,
            -0.5890205534544317
          ],
          [
            0.5483055258411037,
            0.4017294306708431,
            0.7334674599905515
          ]
        ]
      },
      "point_count": 378
    },
    {
      "cluster_id": 12,
      "label": "unknown_4_0",
      "parameters": {
        "center": [
          0.0377239126270662,
          -0.08073496688184244,
          0.8203806867031024
        ],
        "extent": [
          0.09800828281492818,
          0.08162162811017148,
          0.055155564494747907
        ],
        "rotation": [
          [
            0.8878422254499181,
            0.29677330457818174,
            -0.35165578112393203
          ],
          [
            -0.14246084269283407,
            -0.5493945356003512,
            -0.8233289455325388
          ],
          [
            -0.4375398164823226,
            0.7810833821956658,
            -0.4454970920784952
          ]
        ]
      },
      "point_count": 142
    },
    {
      "cluster_id": 13,
      "label": "unknown_5_0",
      "parameters": {
        "center": [
          -0.09075372369572722,
          -0.08978945037448074,
          0.8372375133796488
        ],
        "extent": [
          0.108871441716001,
          0.09910563815934144,
          0.04007541322347099
        ],
        "rotation": [
          [
            0.39909404739090065,
            -0.9019492953315045,
            0.16495881300540566
          ],
          [
            0.02077682346863115,
            -0.17096535784673167,
            -0.9850579526215159
          ],
          [
            0.9166745687231118,
            0.39655808536372283,
            -0.04949161533992689
          ]
        ]
      },
      "point_count": 757
    },
    {
      "cluster_id": 14,
      "label": "unknown_6_0",
      "parameters": {
        "center": [
          -0.005141060511518532,
          -0.032272907527241275,
          0.9813852503575692
        ],
        "extent": [
          0.13806087853704357,
          0.10167871086491422,
          0.09413809545437918
        ],
        "rotation": [
          [
            0.9546681077700955,
            -0.011121197138028352,
            -0.29746449028561783
          ],
          [
            -0.07844344441451753,
            0.9545806478056916,
            -0.2874411467818283
          ],
          [
            0.2871505354949766,
            0.297745034902487,
            0.9104353157450917
          ]
        ]
      },
      "point_count": 585
    },
    {
      "cluster_id": 15,
      "label": "unknown_7_0",
      "parameters": {
        "center": [
          0.008160158795512247,
          -0.08608229064544948,
          0.8145639886129883
        ],
        "extent": [
          0.08860927054890275,
          0.0681130135291089,
          0.06089532518364551
        ],
        "rotation": [
          [
            -0.4953374091320353,
            -0.41603047975373947,
            0.7626004793010795
          ],
          [
            -0.10929836525228069,
            -0.8410403183098699,
            -0.5298160532962473
          ],
          [
            0.8617973766887096,
            -0.3457886968845371,
            0.3711272809149875
          ]
        ]
      },
      "point_count": 347
    }
  ]
}