[
  {
    "part_id": 0,
    "label": "front_fender_0",
    "parameters": {
      "center": [
        0.05033053816260245,
        0.010851839036932286,
        0.8560229307136683
      ],
      "extent": [
        0.2609709894831862,
        0.19436221123466477,
        0.12497712188581739
      ],
      "rotation": [
        [
          0.03807070940656096,
          -0.994444541050691,
          -0.09813600694832444
        ],
        [
          0.991335078248997,
          0.04994115193882441,
          -0.1214933906682917
        ],
        [
          0.12571946435749745,
          -0.092660326556211,
          0.9877290519996667
        ]
      ]
    },
    "color_rgb": [
      1.0,
      0.21568627450980393,
      0.21568627450980393
    ],
    "point_count": 15730
  },
  {
    "part_id": 1,
    "label": "front_wheel_0",
    "parameters": {
      "center": [
        0.002724773014562032,
        0.11539188283247609,
        1.0186141308207322
      ],
      "extent": [
        0.48286811614776637,
        0.15471837221174625,
        0.1774436472297672
      ],
      "rotation": [
        [
          0.21633746273192575,
          -0.976212241757691,
          -0.014413925944593668
        ],
        [
          0.2081701118918631,
          0.031698275470936656,
          0.9775788581219921
        ],
        [
          -0.9538675519869841,
          -0.21448747836317203,
          0.2100757360852651
        ]
      ]
    },
    "color_rgb": [
      1.0,
      0.8705882352941177,
      0.21568627450980393
    ],
    "point_count": 21067
  },
  {
    "part_id": 2,
    "label": "fuel_tank_0",
    "parameters": {
      "center": [
        0.00201786107440427,
        -0.003334909002045104,
        1.0248782109246595
      ],
      "extent": [
        0.262631039090616,
        0.41855796370047915,
        0.26227974801715953
      ],
      "rotation": [
        [
          0.8026893618993896,
          -0.572281750360824,
          -0.16787908296599208
        ],
        [
          -0.2363938009382617,
          -0.04686448604664903,
          -0.9705265018666647
        ],
        [
          0.5475470383186384,
          0.8187168730101603,
          -0.17290148257592414
        ]
      ]
    },
    "color_rgb": [
      0.45098039215686275,
      1.0,
      0.21568627450980393
    ],
    "point_count": 27100
  },
  {
    "part_id": 3,
    "label": "handlebar_0",
    "parameters": {
      "center": [
        0.026351643159290047,
        -0.0981672301750065,
        0.8370407935321731
      ],
      "extent": [
        0.27173094365474687,
        0.1272904972819555,
        0.05119340334652869
      ],
      "rotation": [
        [
          0.954322898523451,
          -0.291552237511602,
          0.0653077189601465
        ],
        [
          -0.12166399753123369,
          -0.57884934895528,
          -0.806307201331334
        ],
        [
          0.27288399927170337,
          0.7615318273165127,
          -0.5878805992082524
        ]
      ]
    },
    "color_rgb": [
      0.21568627450980393,
      1.0,
      0.6352941176470588
    ],
    "point_count": 5305
  },
  {
    "part_id": 4,
    "label": "headlight_0",
    "parameters": {
      "center": [
        0.020634176131460756,
        -0.09833065115331804,
        0.9627359229995618
      ],
      "extent": [
        0.3940764478085339,
        0.08820361083332594,
        0.05409938520537387
      ],
      "rotation": [
        [
          0.026839932037206346,
          -0.9993678171673086,
          0.023314889201691915
        ],
        [
          0.12564122834930122,
          0.026510837720530967,
          0.9917214615113634
        ],
        [
          -0.9917126094726824,
          -0.023688425308675525,
          0.126273349204329
        ]
      ]
    },
    "color_rgb": [
      0.21568627450980393,
      0.6862745098039216,
      1.0
    ],
    "point_count": 1070
  },
  {
    "part_id": 5,
    "label": "rear_wheel_0",
    "parameters": {
      "center": [
        0.03796685309961998,
        0.13391184732497718,
        0.8789180324257522
      ],
      "extent": [
        0.20232240280575373,
        0.16926829604881255,
        0.11796914617824368
      ],
      "rotation": [
        [
          -0.45759078935677294,
          0.081451629406519,
          -0.885424362417744
        ],
        [
          0.5982000028047175,
          -0.7085423440899827,
          -0.37433207620494985
        ],
        [
          -0.6578506108078652,
          -0.7009517663138425,
          0.27549808558540495
        ]
      ]
    },
    "color_rgb": [
      0.4,
      0.21568627450980393,
      1.0
    ],
    "point_count": 7206
  },
  {
    "part_id": 6,
    "label": "seat_0",
    "parameters": {
      "center": [
        -0.0056667671514153695,
        -0.07925460430393048,
        1.012175048428784
      ],
      "extent": [
        0.32787468063947145,
        0.14406533591844078,
        0.1198459775312476
      ],
      "rotation": [
        [
          0.09086292851497726,
          -0.9811265245269769,
          -0.17068881360914598
        ],
        [
          0.3081479207181799,
          -0.13528664124929693,
          0.9416699972158755
        ],
        [
          -0.9469893279117483,
          -0.13816029664523624,
          0.29003955808157605
        ]
      ]
    },
    "color_rgb": [
      1.0,
      0.21568627450980393,
      0.9215686274509803
    ],
    "point_count": 10420
  }
]