{
  "source_ply": "/Users/yuanboli/Documents/GitHub/sketch_lib/controlNet_process/sketch/dsl_optimize/merged_labeled_clusters.ply",
  "primitives": [
    {
      "cluster_id": 0,
      "label": "fender_0_0",
      "parameters": {
        "center": [
          0.004302096272846542,
          -0.0014885614962970722,
          0.8556819821761092
        ],
        "extent": [
          0.2891067553110324,
          0.2791800195599434,
          0.1868907056111045
        ],
        "rotation": [
          [
            0.26647961428448874,
            -0.9614357394118258,
            0.0680436194835776
          ],
          [
            -0.9575336935757766,
            -0.2560125181931037,
            0.13261529397304272
          ],
          [
            -0.11008106484732495,
            -0.10049333067453523,
            -0.9888292317948624
          ]
        ]
      },
      "point_count": 14975
    },
    {
      "cluster_id": 1,
      "label": "handlebar_0_0",
      "parameters": {
        "center": [
          0.017076628245966202,
          -0.09021891119790135,
          0.8315993835611468
        ],
        "extent": [
          0.30013275161343417,
          0.11545668149680256,
          0.04856649427249995
        ],
        "rotation": [
          [
            0.99982495114194,
            0.001564690530689953,
            -0.018644538545115656
          ],
          [
            -0.01853432537279787,
            -0.053436637084281605,
            -0.9983992210534312
          ],
          [
            -0.0025584872468697737,
            0.9985700163537187,
            -0.05339828257857789
          ]
        ]
      },
      "point_count": 4472
    },
    {
      "cluster_id": 2,
      "label": "headlight_0_0",
      "parameters": {
        "center": [
          -0.016172649198922074,
          -0.09754439820370489,
          0.997396136198017
        ],
        "extent": [
          0.4575384317568547,
          0.13673260423737038,
          0.05939198610222725
        ],
        "rotation": [
          [
            0.0002619214763434914,
            -0.9992950786129254,
            -0.03754034172896544
          ],
          [
            0.04144154911131009,
            -0.03749724645112849,
            0.9984370558607281
          ],
          [
            -0.9991408956720745,
            -0.0018172420231233593,
            0.041402514742878725
          ]
        ]
      },
      "point_count": 1355
    },
    {
      "cluster_id": 3,
      "label": "seat_0_0",
      "parameters": {
        "center": [
          -0.015280305039316888,
          -0.07271975450818634,
          1.062039202341201
        ],
        "extent": [
          0.26616985258151726,
          0.13193899626457412,
          0.0956712797959291
        ],
        "rotation": [
          [
            0.08578940474121789,
            -0.9946766964207003,
            0.05708281380371577
          ],
          [
            0.32171755071376046,
            0.08188140033433393,
            0.9432885315967898
          ],
          [
            -0.9429411411095003,
            -0.06255961858012501,
            0.32702950711858225
          ]
        ]
      },
      "point_count": 10332
    },
    {
      "cluster_id": 4,
      "label": "wheel_0_0",
      "parameters": {
        "center": [
          0.010831193510246775,
          0.10709372948440676,
          1.0162386640311958
        ],
        "extent": [
          0.494492913375854,
          0.1548726525942522,
          0.11645837725106607
        ],
        "rotation": [
          [
            0.09992980824030637,
            -0.3841846627544412,
            -0.9178323258249909
          ],
          [
            0.2323292096582581,
            -0.8879412102411725,
            0.39696794013498277
          ],
          [
            -0.967490140396596,
            -0.2529081889929592,
            0.000525524192497827
          ]
        ]
      },
      "point_count": 12946
    },
    {
      "cluster_id": 5,
      "label": "wheel_1_0",
      "parameters": {
        "center": [
          -0.012162860369045608,
          0.10846124518964043,
          1.0412888269091396
        ],
        "extent": [
          0.49366952052684704,
          0.12231364257783386,
          0.1306720469876296
        ],
        "rotation": [
          [
            0.08080911975505417,
            -0.8328525114723753,
            -0.547564224816204
          ],
          [
            -0.2514685366513765,
            0.5145538304809139,
            -0.8197547990782577
          ],
          [
            0.9644861125173492,
            0.20393883806567129,
            -0.16785556019862793
          ]
        ]
      },
      "point_count": 5933
    },
    {
      "cluster_id": 6,
      "label": "unknown_0_0",
      "parameters": {
        "center": [
          -0.11981461836583306,
          -0.09143782772807786,
          0.7992127515235086
        ],
        "extent": [
          0.023161624674421833,
          0.023286568172192407,
          0.0042671803408307445
        ],
        "rotation": [
          [
            0.5151929106823653,
            -0.7468414883900564,
            -0.42048074391338963
          ],
          [
            -0.6560099811354001,
            -0.02789035423772503,
            -0.7542367219853635
          ],
          [
            0.5515679191480997,
            0.6644169770255872,
            -0.5043043834895908
          ]
        ]
      },
      "point_count": 56
    },
    {
      "cluster_id": 7,
      "label": "unknown_1_0",
      "parameters": {
        "center": [
          -0.10967434661798062,
          -0.1052674957907819,
          0.842578474794103
        ],
        "extent": [
          0.018521318667654593,
          0.006121428978074682,
          0.0034551784745302785
        ],
        "rotation": [
          [
            0.447848980187374,
            -0.7945979635734801,
            -0.4099333692565263
          ],
          [
            -0.14665460996446508,
            -0.51755499624745,
            0.8429882865351528
          ],
          [
            -0.8819998391843956,
            -0.31741282605493515,
            -0.34831793168672764
          ]
        ]
      },
      "point_count": 24
    },
    {
      "cluster_id": 8,
      "label": "unknown_2_0",
      "parameters": {
        "center": [
          -0.10415065290233058,
          -0.08745070534845116,
          0.870772072173052
        ],
        "extent": [
          0.01165670600976921,
          0.005521907319734367,
          0.0010050522441582676
        ],
        "rotation": [
          [
            0.5666426912667931,
            -0.5937585172238836,
            0.5712852909519208
          ],
          [
            -0.12138322277257439,
            0.6256196782983023,
            0.7706271026607308
          ],
          [
            -0.8149737257502657,
            -0.5060146651531199,
            0.28243049585111524
          ]
        ]
      },
      "point_count": 11
    },
    {
      "cluster_id": 9,
      "label": "unknown_3_0",
      "parameters": {
        "center": [
          -0.08939642576928312,
          -0.08702989018679531,
          0.859735887363057
        ],
        "extent": [
          0.02685170334047443,
          0.017464273335395554,
          0.006378978092317691
        ],
        "rotation": [
          [
            0.6214091003579038,
            -0.7681539869058802,
            0.1542406638762347
          ],
          [
            -0.457352604482227,
            -0.515485272971768,
            -0.7246402752556234
          ],
          [
            0.6361441072317691,
            0.37975569218883687,
            -0.6716444662799456
          ]
        ]
      },
      "point_count": 47
    },
    {
      "cluster_id": 10,
      "label": "unknown_4_0",
      "parameters": {
        "center": [
          -0.08332884678727487,
          -0.09337362719297547,
          0.8759336517337537
        ],
        "extent": [
          0.030679274780324894,
          0.00606963650565121,
          0.005968332874217967
        ],
        "rotation": [
          [
            0.6486413920996158,
            -0.7332013789043046,
            -0.2041570043566933
          ],
          [
            -0.07304141810239138,
            -0.32697143977587256,
            0.9422073173206016
          ],
          [
            -0.7575812139280278,
            -0.5962427488395305,
            -0.26564127834283685
          ]
        ]
      },
      "point_count": 30
    },
    {
      "cluster_id": 11,
      "label": "unknown_5_0",
      "parameters": {
        "center": [
          -0.08110655749889824,
          -0.10432562485720366,
          0.8005228746947144
        ],
        "extent": [
          0.011581679720627843,
          0.00229614982770274,
          0.0011722330284496484
        ],
        "rotation": [
          [
            0.9226656860901913,
            0.04576751908028836,
            0.3828751309617172
          ],
          [
            0.1590421670972493,
            0.8593706797763813,
            -0.4859913824603181
          ],
          [
            -0.3512742814336502,
            0.5093008628874646,
            0.7856328724444751
          ]
        ]
      },
      "point_count": 10
    },
    {
      "cluster_id": 12,
      "label": "unknown_6_0",
      "parameters": {
        "center": [
          -0.07012903212618245,
          0.01664512841849854,
          0.9664287198797391
        ],
        "extent": [
          0.029930923172355125,
          0.0047911441301496886,
          0.00395856837669826
        ],
        "rotation": [
          [
            0.09358644549736264,
            -0.24245077905865584,
            0.9656392685433937
          ],
          [
            0.9837758084857327,
            -0.1265854773934046,
            -0.1271270055941187
          ],
          [
            0.15305794934407163,
            0.9618699166971254,
            0.2266705263055894
          ]
        ]
      },
      "point_count": 34
    },
    {
      "cluster_id": 13,
      "label": "unknown_7_0",
      "parameters": {
        "center": [
          -0.0020459737608579717,
          0.045934943311276094,
          1.0906958645992864
        ],
        "extent": [
          0.38244482612644287,
          0.29528942753208925,
          0.13788254730216448
        ],
        "rotation": [
          [
            -0.05896365490969651,
            0.011125724408758567,
            0.9981981294593127
          ],
          [
            -0.745791279291422,
            -0.6651713100476561,
            -0.036640087641126126
          ],
          [
            0.6635651099421628,
            -0.7466078934392976,
            0.04751839982133259
          ]
        ]
      },
      "point_count": 23931
    },
    {
      "cluster_id": 14,
      "label": "unknown_8_0",
      "parameters": {
        "center": [
          -0.06188430967038666,
          0.04964560643119058,
          0.982197852858157
        ],
        "extent": [
          0.024316272954090813,
          0.01525954486295616,
          0.0016082098821186231
        ],
        "rotation": [
          [
            0.16180146249622962,
            0.5016148914100973,
            0.8498251511044597
          ],
          [
            0.1185100351059079,
            0.8450628892772923,
            -0.5213675140872428
          ],
          [
            -0.9796814065364708,
            0.18507083476861236,
            0.07728601299569846
          ]
        ]
      },
      "point_count": 43
    },
    {
      "cluster_id": 15,
      "label": "unknown_9_0",
      "parameters": {
        "center": [
          -0.05814504851128983,
          -0.07122273047513718,
          1.0804560471837985
        ],
        "extent": [
          0.028524505895342757,
          0.009466666633669466,
          0.0005098674782641388
        ],
        "rotation": [
          [
            0.17019922309344176,
            0.06590847236007079,
            0.9832030806143515
          ],
          [
            0.42569328397437695,
            0.8949381645799901,
            -0.13368212130763446
          ],
          [
            -0.8887167447716395,
            0.4412955413884899,
            0.12426098628749205
          ]
        ]
      },
      "point_count": 41
    },
    {
      "cluster_id": 16,
      "label": "unknown_10_0",
      "parameters": {
        "center": [
          -0.05808696942391143,
          -0.009176099479674363,
          1.0816960535433744
        ],
        "extent": [
          0.013973972978634452,
          0.004426667009429999,
          0.00011516587200698341
        ],
        "rotation": [
          [
            -0.014100350744003143,
            0.3198083327881722,
            0.9473773326337008
          ],
          [
            -0.8500916352772573,
            0.4950080140023277,
            -0.1797533802327786
          ],
          [
            -0.5264460007831142,
            -0.8078921316318912,
            0.2648866019766654
          ]
        ]
      },
      "point_count": 15
    },
    {
      "cluster_id": 17,
      "label": "unknown_11_0",
      "parameters": {
        "center": [
          -0.05759602559330584,
          0.009101549350593117,
          1.092038855796039
        ],
        "extent": [
          0.017057843762673598,
          0.00492842219929184,
          0.00015866548490965952
        ],
        "rotation": [
          [
            0.0026193982187572066,
            -0.2623743852752675,
            -0.9649626006765223
          ],
          [
            -0.8759539976782618,
            -0.46609113782486344,
            0.12435290584701351
          ],
          [
            -0.48238753373656296,
            0.8449371178925386,
            -0.231048769966444
          ]
        ]
      },
      "point_count": 20
    },
    {
      "cluster_id": 18,
      "label": "unknown_12_0",
      "parameters": {
        "center": [
          -0.057501770450769915,
          -0.009511829211618321,
          0.9920809569802171
        ],
        "extent": [
          0.013846174915587772,
          0.0027913758283090524,
          0.0004151713486739651
        ],
        "rotation": [
          [
            0.0054942400098441715,
            -0.021734903598067845,
            -0.9997486720632826
          ],
          [
            0.9940569839541252,
            0.10881690930158612,
            0.0030972410429969672
          ],
          [
            0.10872224233680183,
            -0.9938241666490271,
            0.022203598934061347
          ]
        ]
      },
      "point_count": 13
    },
    {
      "cluster_id": 19,
      "label": "unknown_13_0",
      "parameters": {
        "center": [
          -0.05528274353906214,
          0.0124388808791051,
          0.994500364624658
        ],
        "extent": [
          0.016411785186828846,
          0.004032643997357019,
          0.0003927028627269794
        ],
        "rotation": [
          [
            0.12049121650601465,
            -0.26746142765483566,
            0.9560053616281333
          ],
          [
            0.9746381139857531,
            -0.15106727707674283,
            -0.1651036782234512
          ],
          [
            0.1885799923406378,
            0.9516528056562729,
            0.242475821424218
          ]
        ]
      },
      "point_count": 17
    },
    {
      "cluster_id": 20,
      "label": "unknown_14_0",
      "parameters": {
        "center": [
          -0.053815408473474935,
          0.03205594662596543,
          1.0027084023636195
        ],
        "extent": [
          0.018701305371041126,
          0.009687919598654293,
          0.00256938443076434
        ],
        "rotation": [
          [
            0.1829973013283623,
            -0.08020782591615899,
            0.9798360538214237
          ],
          [
            0.8064023512741358,
            -0.5578467981937725,
            -0.1962707252865335
          ],
          [
            0.5623408535453224,
            0.8260591107219627,
            -0.03740467921475073
          ]
        ]
      },
      "point_count": 23
    },
    {
      "cluster_id": 21,
      "label": "unknown_15_0",
      "parameters": {
        "center": [
          -0.05197641395302625,
          0.030920432166137442,
          0.943232502461184
        ],
        "extent": [
          0.05899449320472655,
          0.010363116682076061,
          0.0070142413607548575
        ],
        "rotation": [
          [
            0.1196358192488213,
            0.21826827926753486,
            0.9685278669291106
          ],
          [
            0.9625765737889591,
            -0.2644411800654514,
            -0.05930600204279651
          ],
          [
            0.24317403304089044,
            0.9393773579085143,
            -0.24173656964441076
          ]
        ]
      },
      "point_count": 83
    },
    {
      "cluster_id": 22,
      "label": "unknown_16_0",
      "parameters": {
        "center": [
          -0.05484349374429202,
          -0.034296865475661464,
          0.9935896674934127
        ],
        "extent": [
          0.010950411776689643,
          0.003730864756483502,
          0.0005485147474153552
        ],
        "rotation": [
          [
            0.224782637948685,
            -0.3572411338899797,
            -0.9065602781579569
          ],
          [
            -0.970469293528955,
            0.0014999535463607295,
            -0.24122002499123069
          ],
          [
            0.08753351354904926,
            0.9340109862289417,
            -0.34635438731074
          ]
        ]
      },
      "point_count": 11
    },
    {
      "cluster_id": 23,
      "label": "unknown_17_0",
      "parameters": {
        "center": [
          -0.054400633765781636,
          -0.06331380405227155,
          1.0600035233231502
        ],
        "extent": [
          0.008754017534555476,
          0.007518154558656816,
          0.00038190516588792176
        ],
        "rotation": [
          [
            0.1539943361033418,
            0.1355716122203713,
            0.9787267659607866
          ],
          [
            0.45524528831566646,
            0.8694053254571859,
            -0.19205756307177974
          ],
          [
            -0.8769478159585533,
            0.4751365256709425,
            0.07216515820580646
          ]
        ]
      },
      "point_count": 10
    },
    {
      "cluster_id": 24,
      "label": "unknown_19_0",
      "parameters": {
        "center": [
          -0.049299573646067796,
          -0.0518763257554596,
          1.0408839611554128
        ],
        "extent": [
          0.022166179417338436,
          0.017819564527517213,
          0.00568287733816938
        ],
        "rotation": [
          [
            -0.07953985630838507,
            -0.1747670746865068,
            -0.9813918080277433
          ],
          [
            -0.5806559414743978,
            -0.7921166962172863,
            0.18812181480171894
          ],
          [
            -0.8102543359272584,
            0.5848141663634121,
            -0.038474692094224335
          ]
        ]
      },
      "point_count": 67
    },
    {
      "cluster_id": 25,
      "label": "unknown_21_0",
      "parameters": {
        "center": [
          -0.05074642623301133,
          0.006548677940731911,
          0.9627244249705466
        ],
        "extent": [
          0.011456843407075711,
          0.004374637446213533,
          0.00023168242964701822
        ],
        "rotation": [
          [
            0.07226844718979981,
            -0.25425215797285744,
            0.9644340888349604
          ],
          [
            0.9911146216816918,
            -0.08995220934448221,
            -0.09798166523795851
          ],
          [
            0.1116650268863625,
            0.9629457098924069,
            0.24549232487040482
          ]
        ]
      },
      "point_count": 12
    },
    {
      "cluster_id": 26,
      "label": "unknown_23_0",
      "parameters": {
        "center": [
          -0.04806449501817851,
          -0.06467551397347218,
          1.2137275691440137
        ],
        "extent": [
          0.016816408245339785,
          0.006285055596171025,
          0.0002094173776937356
        ],
        "rotation": [
          [
            0.020445617783400427,
            0.3393302429004495,
            0.940445087693363
          ],
          [
            0.740705840328464,
            -0.6369312250869961,
            0.21371352931548895
          ],
          [
            0.6715183056453184,
            0.6922236638271624,
            -0.26436634509888096
          ]
        ]
      },
      "point_count": 16
    },
    {
      "cluster_id": 27,
      "label": "unknown_24_0",
      "parameters": {
        "center": [
          -0.04764969413776357,
          0.03102354833930152,
          0.9646130135204279
        ],
        "extent": [
          0.02395825542563166,
          0.009196679175873176,
          0.00030223415280570317
        ],
        "rotation": [
          [
            0.07919278139763357,
            -0.21635775117687422,
            0.9730970285023958
          ],
          [
            0.9291763476439537,
            -0.3375367207831275,
            -0.150666111325724
          ],
          [
            0.36105376102950243,
            0.91611041126529,
            0.17430403328033503
          ]
        ]
      },
      "point_count": 22
    },
    {
      "cluster_id": 28,
      "label": "unknown_25_0",
      "parameters": {
        "center": [
          -0.047295086441757714,
          -0.01650887412799557,
          1.2175905517314434
        ],
        "extent": [
          0.019759831851921053,
          0.0065256770836379895,
          0.00026469853170214206
        ],
        "rotation": [
          [
            0.06598405973458635,
            0.021461950273287518,
            0.9975898398397056
          ],
          [
            0.7725266897691695,
            0.6316787571848164,
            -0.06468741234378726
          ],
          [
            -0.6315446282371753,
            0.774933114798892,
            0.02510079944653886
          ]
        ]
      },
      "point_count": 23
    },
    {
      "cluster_id": 29,
      "label": "unknown_26_0",
      "parameters": {
        "center": [
          -0.04409673769121398,
          -0.0678505047872008,
          0.8460381964665621
        ],
        "extent": [
          0.01495847688067552,
          0.009175411918422999,
          0.003595892192560801
        ],
        "rotation": [
          [
            0.7042665100065273,
            -0.6710330534632807,
            -0.23178292439904222
          ],
          [
            0.5930124028876608,
            0.7355379819039503,
            -0.32759756897459885
          ],
          [
            0.39031394146844006,
            0.09326584764215826,
            0.9159456909440434
          ]
        ]
      },
      "point_count": 19
    },
    {
      "cluster_id": 30,
      "label": "unknown_27_0",
      "parameters": {
        "center": [
          -0.046753556103012676,
          -0.051942079131060186,
          1.0638865774837645
        ],
        "extent": [
          0.012380944929723964,
          0.005838259191098415,
          0.0008198802402414983
        ],
        "rotation": [
          [
            0.014606175350183841,
            0.14128566102546755,
            0.9898611122931522
          ],
          [
            0.9005843131052577,
            -0.43198185089415575,
            0.048369158425496335
          ],
          [
            0.4344359039379354,
            0.8907469014746311,
            -0.13354925264849996
          ]
        ]
      },
      "point_count": 13
    },
    {
      "cluster_id": 31,
      "label": "unknown_28_0",
      "parameters": {
        "center": [
          -0.04623965685231874,
          0.0007596066755718536,
          0.9508971474944851
        ],
        "extent": [
          0.012471422338339986,
          0.006409525817632522,
          0.0006157795326963774
        ],
        "rotation": [
          [
            0.27304984694697393,
            0.54431122593725,
            0.7932017841639806
          ],
          [
            -0.9206906114388024,
            0.3868877110527114,
            0.051446059565704166
          ],
          [
            -0.27887735492628,
            -0.7443407743467246,
            0.6067818657097788
          ]
        ]
      },
      "point_count": 11
    },
    {
      "cluster_id": 32,
      "label": "unknown_29_0",
      "parameters": {
        "center": [
          -0.045902248583197656,
          0.0006929760866242643,
          1.1092424291567835
        ],
        "extent": [
          0.015826396364044253,
          0.003250030478668626,
          0.0006276531964367
        ],
        "rotation": [
          [
            0.09232703077053489,
            -0.2549490395568446,
            0.9625366001447109
          ],
          [
            0.8026163818542941,
            -0.5530513213120595,
            -0.22347523257423238
          ],
          [
            0.5893069344307929,
            0.7931804480848147,
            0.15356468932587844
          ]
        ]
      },
      "point_count": 17
    },
    {
      "cluster_id": 33,
      "label": "unknown_30_0",
      "parameters": {
        "center": [
          -0.0431352297919803,
          0.018937477416467438,
          0.868549460567826
        ],
        "extent": [
          0.019208623477928073,
          0.01148106148350315,
          0.003438896759258541
        ],
        "rotation": [
          [
            0.3181695588520106,
            -0.5285425011377597,
            -0.7870266554005387
          ],
          [
            0.785828236968704,
            0.6114232798278212,
            -0.09292768622562356
          ],
          [
            0.530322650659554,
            -0.5889010081292365,
            0.6098798970467822
          ]
        ]
      },
      "point_count": 25
    },
    {
      "cluster_id": 34,
      "label": "unknown_31_0",
      "parameters": {
        "center": [
          -0.0441526878959128,
          0.005217736821656707,
          1.098830112992247
        ],
        "extent": [
          0.01703268192952507,
          0.0034036531816685487,
          0.00048160816457308006
        ],
        "rotation": [
          [
            0.02390858865447392,
            0.20647030826234108,
            0.9781607184888407
          ],
          [
            -0.8192894272111475,
            0.5647373473730083,
            -0.09917944818422776
          ],
          [
            -0.5728815007037503,
            -0.7990254941415523,
            0.1826610135285225
          ]
        ]
      },
      "point_count": 19
    },
    {
      "cluster_id": 35,
      "label": "unknown_32_0",
      "parameters": {
        "center": [
          -0.036675761598836835,
          -0.07348234432201155,
          0.8509002230053226
        ],
        "extent": [
          0.015336262450529459,
          0.013422695871017746,
          0.004891197760304481
        ],
        "rotation": [
          [
            0.5069153621195739,
            -0.8572568113737032,
            0.09026391859747633
          ],
          [
            0.8550919131586447,
            0.48686420674010833,
            -0.17827244387738073
          ],
          [
            0.10887899566890691,
            0.16755298728675613,
            0.9798323125685404
          ]
        ]
      },
      "point_count": 25
    },
    {
      "cluster_id": 36,
      "label": "unknown_33_0",
      "parameters": {
        "center": [
          -0.04133929247790168,
          -0.0027724717378353326,
          0.8651863621145839
        ],
        "extent": [
          0.011484402030593272,
          0.008733426219163301,
          0.0024358296881322574
        ],
        "rotation": [
          [
            0.4075724435934067,
            -0.6871672609719994,
            0.6014032413211119
          ],
          [
            -0.8982835077833281,
            -0.4201432384724591,
            0.12871052330852387
          ],
          [
            0.16422984767629464,
            -0.5926894757072328,
            -0.7885098239832569
          ]
        ]
      },
      "point_count": 13
    },
    {
      "cluster_id": 37,
      "label": "unknown_34_0",
      "parameters": {
        "center": [
          -0.03658963145141398,
          0.06307858972351668,
          0.884793693965321
        ],
        "extent": [
          0.030716353087566477,
          0.019083760330659345,
          0.007374534221213191
        ],
        "rotation": [
          [
            0.3012586295138658,
            -0.7216102363147868,
            -0.6233152532941457
          ],
          [
            0.8616154807307884,
            0.48603515781468715,
            -0.1462483802751492
          ],
          [
            0.408487455754127,
            -0.4929994850035544,
            0.768172836201431
          ]
        ]
      },
      "point_count": 52
    },
    {
      "cluster_id": 38,
      "label": "unknown_35_0",
      "parameters": {
        "center": [
          -0.03365391285586742,
          0.12976569554508235,
          0.8726504991089759
        ],
        "extent": [
          0.018567932779307808,
          0.015069641862804378,
          0.002334553733909563
        ],
        "rotation": [
          [
            -0.2680669125583197,
            0.028853735131619877,
            -0.9629681159625197
          ],
          [
            -0.6123900556641441,
            0.7665236919088122,
            0.19344210882367696
          ],
          [
            0.743719402809364,
            0.6415675270082167,
            -0.1878098990294288
          ]
        ]
      },
      "point_count": 30
    },
    {
      "cluster_id": 39,
      "label": "unknown_36_0",
      "parameters": {
        "center": [
          -0.021254506468313387,
          0.1426497148251625,
          0.8455316317737769
        ],
        "extent": [
          0.013088660858126516,
          0.009886033669115023,
          0.002217728937796313
        ],
        "rotation": [
          [
            0.2797298564115416,
            -0.5451540217652749,
            -0.790290010050187
          ],
          [
            -0.13322850895053745,
            -0.8372286612043912,
            0.5303756529675164
          ],
          [
            -0.9507898673391482,
            -0.043072745571289345,
            -0.30682791065050796
          ]
        ]
      },
      "point_count": 28
    },
    {
      "cluster_id": 40,
      "label": "unknown_37_0",
      "parameters": {
        "center": [
          -0.023354244648224932,
          0.07384211538448275,
          0.9041761801851157
        ],
        "extent": [
          0.010672321589315362,
          0.005497208732059434,
          0.00013861476229851631
        ],
        "rotation": [
          [
            0.9172029306970128,
            -0.3813281736722419,
            0.11544525925564653
          ],
          [
            0.3971902606581633,
            0.8523930185152522,
            -0.3400971020528657
          ],
          [
            0.031283873786844954,
            0.3577917913399489,
            0.9332772113850415
          ]
        ]
      },
      "point_count": 10
    },
    {
      "cluster_id": 41,
      "label": "unknown_38_0",
      "parameters": {
        "center": [
          -0.016640100748260587,
          -0.06473299871014748,
          0.8560236627700236
        ],
        "extent": [
          0.010829704884131102,
          0.008056337873793073,
          0.0038633630008128124
        ],
        "rotation": [
          [
            0.8035446550204456,
            -0.5401803352769495,
            -0.2500423819438526
          ],
          [
            0.48764155848966767,
            0.8382852652628395,
            -0.243892444485226
          ],
          [
            0.3413527469082988,
            0.07404741334640513,
            0.937014024844274
          ]
        ]
      },
      "point_count": 12
    },
    {
      "cluster_id": 42,
      "label": "unknown_40_0",
      "parameters": {
        "center": [
          0.00032008281755045525,
          0.036124952918334834,
          0.8890500733694136
        ],
        "extent": [
          0.061951209420391035,
          0.03229234696216175,
          0.00588220466770978
        ],
        "rotation": [
          [
            0.2630991248005935,
            -0.9596638877945559,
            0.09911646176190789
          ],
          [
            -0.9191866168759614,
            -0.21813659921035858,
            0.3278908163414524
          ],
          [
            -0.2930440476878628,
            -0.17737431197323197,
            -0.9395017506991332
          ]
        ]
      },
      "point_count": 185
    },
    {
      "cluster_id": 43,
      "label": "unknown_41_0",
      "parameters": {
        "center": [
          0.01151982215012749,
          0.09065713740428398,
          1.0502206249472263
        ],
        "extent": [
          0.08520684104114323,
          0.040485982898810266,
          0.008810918852092987
        ],
        "rotation": [
          [
            0.33600056066916256,
            -0.905476500526817,
            -0.25926035220163784
          ],
          [
            0.23941516573987137,
            -0.1841125040726236,
            0.9533010879348969
          ],
          [
            -0.910924805702292,
            -0.38238056022478073,
            0.15492290185258165
          ]
        ]
      },
      "point_count": 276
    },
    {
      "cluster_id": 44,
      "label": "unknown_42_0",
      "parameters": {
        "center": [
          0.00010191769186396736,
          0.1154624853057435,
          0.9904430246425702
        ],
        "extent": [
          0.01796424807758418,
          0.015488301410938337,
          0.00039471134253608875
        ],
        "rotation": [
          [
            0.47857568421371155,
            -0.8574171646534355,
            -0.18921183957945523
          ],
          [
            -0.37024978393546853,
            -0.0016652909593115963,
            -0.9289307424677903
          ],
          [
            0.7961660706002969,
            0.5146193083859995,
            -0.318255487715764
          ]
        ]
      },
      "point_count": 20
    },
    {
      "cluster_id": 45,
      "label": "unknown_43_0",
      "parameters": {
        "center": [
          0.0003058076916760714,
          0.10717147240629991,
          1.018469994535614
        ],
        "extent": [
          0.014093398166286254,
          0.007502969016329899,
          0.0001223590235276855
        ],
        "rotation": [
          [
            0.4108795885004616,
            -0.8799815625067454,
            -0.2383493515868635
          ],
          [
            -0.332749686881371,
            0.09865394353796676,
            -0.9378406289475614
          ],
          [
            0.8487965655173453,
            0.4646502438098948,
            -0.2522786976606716
          ]
        ]
      },
      "point_count": 14
    },
    {
      "cluster_id": 46,
      "label": "unknown_44_0",
      "parameters": {
        "center": [
          0.004807810836428203,
          0.10114238002834625,
          1.0372663958795008
        ],
        "extent": [
          0.022012064068100003,
          0.010613903794708194,
          0.0005900772326476089
        ],
        "rotation": [
          [
            0.24556233323265697,
            -0.9314927451835268,
            -0.26836617925474726
          ],
          [
            -0.27848778793317663,
            0.19738378709918794,
            -0.9399383982806899
          ],
          [
            0.9285169317085282,
            0.30555016979350547,
            -0.21093933077958793
          ]
        ]
      },
      "point_count": 24
    },
    {
      "cluster_id": 47,
      "label": "unknown_45_0",
      "parameters": {
        "center": [
          0.009074659805028475,
          -0.07994776647696969,
          0.8530836409312036
        ],
        "extent": [
          0.010896769220007103,
          0.006630342998964587,
          0.0022055023164898706
        ],
        "rotation": [
          [
            0.9284983500265916,
            -0.3608109939022177,
            0.0877851962302905
          ],
          [
            0.2608151709309807,
            0.46538805401425326,
            -0.8458069553941193
          ],
          [
            0.26432226658028674,
            0.8082260734844677,
            0.5262170213227044
          ]
        ]
      },
      "point_count": 11
    },
    {
      "cluster_id": 48,
      "label": "unknown_47_0",
      "parameters": {
        "center": [
          0.04024018319357516,
          -0.029702200987177706,
          0.9690535791168214
        ],
        "extent": [
          0.02298407178874208,
          0.023019445531986493,
          0.006719445573054197
        ],
        "rotation": [
          [
            0.3374282649231931,
            -0.7806920375164599,
            -0.5259867950712471
          ],
          [
            0.8491704776227956,
            0.011290075804369292,
            0.527998138370018
          ],
          [
            -0.40626551166053515,
            -0.6248139537068056,
            0.6667502210636854
          ]
        ]
      },
      "point_count": 55
    },
    {
      "cluster_id": 49,
      "label": "unknown_48_0",
      "parameters": {
        "center": [
          0.04154376804764001,
          0.003560362237473651,
          1.1071949141260975
        ],
        "extent": [
          0.028092471092534353,
          0.015259873894634728,
          0.005702562842587451
        ],
        "rotation": [
          [
            0.17542139848873742,
            -0.7650219277568404,
            0.6196521467754819
          ],
          [
            -0.8998885819338284,
            0.1306723052206248,
            0.416083271417455
          ],
          [
            -0.3992842008612152,
            -0.6306078010138596,
            -0.6655117791918377
          ]
        ]
      },
      "point_count": 63
    },
    {
      "cluster_id": 50,
      "label": "unknown_49_0",
      "parameters": {
        "center": [
          0.04301036921881605,
          -0.0161049746344436,
          0.9634808745203421
        ],
        "extent": [
          0.015502032240891476,
          0.006923634878544586,
          0.0011993943148087547
        ],
        "rotation": [
          [
            0.8146584712428822,
            0.15652103196498127,
            0.5584198615601235
          ],
          [
            0.42000536171187985,
            -0.8232126699702927,
            -0.38199004716570145
          ],
          [
            0.399908828816623,
            0.5457307637956643,
            -0.7363768478717386
          ]
        ]
      },
      "point_count": 15
    },
    {
      "cluster_id": 51,
      "label": "unknown_50_0",
      "parameters": {
        "center": [
          0.04103119989185768,
          0.015115264365241863,
          0.9506406034194513
        ],
        "extent": [
          0.02264668288805212,
          0.005037755067417082,
          0.0004703788785153383
        ],
        "rotation": [
          [
            0.17918492064760286,
            -0.8141439719997715,
            -0.5523245034116697
          ],
          [
            0.9800258585129276,
