[
  {
    "part_id": 0,
    "label": "front_fender_0",
    "parameters": {
      "center": [
        0.050330538162602564,
        0.010851839036932272,
        0.8560229307136683
      ],
      "extent": [
        0.2609709894831862,
        0.19436221123466482,
        0.12497712188581686
      ],
      "rotation": [
        [
          0.038070709406561,
          -0.9944445410506907,
          -0.09813600694832951
        ],
        [
          0.9913350782489969,
          0.04994115193882514,
          -0.12149339066829228
        ],
        [
          0.12571946435749826,
          -0.09266032655621598,
          0.9877290519996662
        ]
      ]
    },
    "color_rgb": [
      1.0,
      0.21568627450980393,
      0.21568627450980393
    ],
    "point_count": 15730
  },
  {
    "part_id": 1,
    "label": "front_wheel_0",
    "parameters": {
      "center": [
        0.002724773014560068,
        0.11539188283247646,
        1.0186141308207317
      ],
      "extent": [
        0.48286811614776637,
        0.15471837221174567,
        0.1774436472297672
      ],
      "rotation": [
        [
          0.21633746273192572,
          -0.9762122417576906,
          -0.014413925944624949
        ],
        [
          0.20817011189186288,
          0.0316982754709053,
          0.9775788581219932
        ],
        [
          -0.9538675519869841,
          -0.21448747836317883,
          0.21007573608525804
        ]
      ]
    },
    "color_rgb": [
      1.0,
      0.8705882352941177,
      0.21568627450980393
    ],
    "point_count": 21067
  },
  {
    "part_id": 2,
    "label": "fuel_tank_0",
    "parameters": {
      "center": [
        0.0020178610744060604,
        -0.003334909002046086,
        1.0248782109246581
      ],
      "extent": [
        0.262631039090599,
        0.4185579637004867,
        0.2622797480171599
      ],
      "rotation": [
        [
          0.8026893618994214,
          -0.5722817503607793,
          -0.1678790829659908
        ],
        [
          -0.23639380093826162,
          -0.04686448604666833,
          -0.9705265018666637
        ],
        [
          0.5475470383185914,
          0.8187168730101905,
          -0.17290148257593052
        ]
      ]
    },
    "color_rgb": [
      0.45098039215686275,
      1.0,
      0.21568627450980393
    ],
    "point_count": 27100
  },
  {
    "part_id": 3,
    "label": "handlebar_0",
    "parameters": {
      "center": [
        0.026351643159290103,
        -0.09816723017500675,
        0.8370407935321725
      ],
      "extent": [
        0.271730943654747,
        0.12729049728195543,
        0.051193403346529776
      ],
      "rotation": [
        [
          0.9543228985234515,
          -0.29155223751159903,
          0.06530771896015282
        ],
        [
          -0.12166399753123325,
          -0.5788493489552989,
          -0.8063072013313205
        ],
        [
          0.2728839992717019,
          0.7615318273164994,
          -0.5878805992082704
        ]
      ]
    },
    "color_rgb": [
      0.21568627450980393,
      1.0,
      0.6352941176470588
    ],
    "point_count": 5305
  },
  {
    "part_id": 4,
    "label": "headlight_0",
    "parameters": {
      "center": [
        0.02063417613146076,
        -0.09833065115331804,
        0.9627359229995618
      ],
      "extent": [
        0.39407644780853396,
        0.08820361083332598,
        0.05409938520537363
      ],
      "rotation": [
        [
          0.026839932037206096,
          -0.9993678171673086,
          0.02331488920169018
        ],
        [
          0.12564122834930033,
          0.026510837720529205,
          0.9917214615113635
        ],
        [
          -0.9917126094726825,
          -0.023688425308675595,
          0.12627334920432806
        ]
      ]
    },
    "color_rgb": [
      0.21568627450980393,
      0.6862745098039216,
      1.0
    ],
    "point_count": 1070
  },
  {
    "part_id": 5,
    "label": "rear_wheel_0",
    "parameters": {
      "center": [
        0.03796685309961981,
        0.13391184732497705,
        0.8789180324257517
      ],
      "extent": [
        0.20232240280575314,
        0.16926829604881183,
        0.11796914617824389
      ],
      "rotation": [
        [
          -0.4575907893567732,
          0.08145162940650677,
          -0.8854243624177452
        ],
        [
          0.5982000028047287,
          -0.7085423440899761,
          -0.37433207620494496
        ],
        [
          -0.657850610807855,
          -0.7009517663138508,
          0.2754980855854085
        ]
      ]
    },
    "color_rgb": [
      0.4,
      0.21568627450980393,
      1.0
    ],
    "point_count": 7206
  },
  {
    "part_id": 6,
    "label": "seat_0",
    "parameters": {
      "center": [
        -0.005666767151415432,
        -0.07925460430393057,
        1.012175048428784
      ],
      "extent": [
        0.32787468063947134,
        0.14406533591844076,
        0.11984597753124795
      ],
      "rotation": [
        [
          0.09086292851497693,
          -0.981126524526977,
          -0.17068881360914465
        ],
        [
          0.3081479207181811,
          -0.13528664124929562,
          0.941669997215875
        ],
        [
          -0.9469893279117478,
          -0.13816029664523558,
          0.2900395580815774
        ]
      ]
    },
    "color_rgb": [
      1.0,
      0.21568627450980393,
      0.9215686274509803
    ],
    "point_count": 10420
  }
]