{
  "source_ply": "/home/yli581/Desktop/sketch_lib/controlNet_process/sketch/clusters/labeled_clusters.ply",
  "primitives": [
    {
      "cluster_id": 0,
      "label": "seat_0",
      "parameters": {
        "center": [
          -0.00030228673153693056,
          -0.059086857048724316,
          1.025668590878333
        ],
        "extent": [
          0.15381847767528448,
          0.1263492526277778,
          0.09183226109982857
        ],
        "rotation": [
          [
            0.16491070162621585,
            -0.9800795286132894,
            -0.11067329435009121
          ],
          [
            0.2500333635678162,
            -0.0670026668660452,
            0.9659161245862926
          ],
          [
            -0.9540900259368157,
            -0.18696192186108507,
            0.23400312429943337
          ]
        ]
      },
      "point_count": 5534,
      "color_rgb": [
        1.0,
        0.7333333333333333,
        0.47058823529411764
      ]
    },
    {
      "cluster_id": 1,
      "label": "fender_0",
      "parameters": {
        "center": [
          0.012790609089273765,
          0.07220398147295724,
          0.8147908163054021
        ],
        "extent": [
          0.13399888460537038,
          0.11772700900529587,
          0.08817143380912132
        ],
        "rotation": [
          [
            0.713909156526611,
            -0.676028349035666,
            0.18253598967758264
          ],
          [
            -0.6998692231958213,
            -0.6973259900105305,
            0.1546594131603741
          ],
          [
            0.022732941972839607,
            -0.23816409249915352,
            -0.9709588448504469
          ]
        ]
      },
      "point_count": 1954,
      "color_rgb": [
        0.12156862745098039,
        0.4666666666666667,
        0.7058823529411765
      ]
    },
    {
      "cluster_id": 2,
      "label": "wheel_0",
      "parameters": {
        "center": [
          0.005532314510699594,
          0.11695234483141803,
          0.808524085842464
        ],
        "extent": [
          0.11314283252271343,
          0.09519992129116364,
          0.07891399675296781
        ],
        "rotation": [
          [
            -0.13769142506828597,
            -0.9903474966687054,
            0.015903059601634857
          ],
          [
            0.8536369912641558,
            -0.11051037667216482,
            0.5090101607956918
          ],
          [
            -0.502339485416132,
            0.08366177436443041,
            0.8606135886110857
          ]
        ]
      },
      "point_count": 3263,
      "color_rgb": [
        0.596078431372549,
        0.8745098039215686,
        0.5411764705882353
      ]
    },
    {
      "cluster_id": 3,
      "label": "fender_0",
      "parameters": {
        "center": [
          -0.007366568038763962,
          -0.03345774481965766,
          1.2210092622472433
        ],
        "extent": [
          0.11626322780515011,
          0.1017006656928659,
          0.07519178171062424
        ],
        "rotation": [
          [
            0.390161514043357,
            -0.9207012703464261,
            -0.009119415654112617
          ],
          [
            -0.7992323768714442,
            -0.3435716496272096,
            0.49313905679114456
          ],
          [
            -0.45716692872496484,
            -0.1851153487826309,
            -0.8699026996884582
          ]
        ]
      },
      "point_count": 1339,
      "color_rgb": [
        0.12156862745098039,
        0.4666666666666667,
        0.7058823529411765
      ]
    },
    {
      "cluster_id": 4,
      "label": "fender_0",
      "parameters": {
        "center": [
          0.07481047112223324,
          -0.06817553339532163,
          0.8550009466103496
        ],
        "extent": [
          0.184743232560237,
          0.14819928917385425,
          0.10715567745004295
        ],
        "rotation": [
          [
            0.7050281961738707,
            0.2521002330126192,
            -0.6628579901568672
          ],
          [
            -0.6903455975039547,
            0.4579453659266699,
            -0.5600973110390697
          ],
          [
            0.16235208223711253,
            0.8524854921588234,
            0.49690068127544607
          ]
        ]
      },
      "point_count": 3543,
      "color_rgb": [
        0.12156862745098039,
        0.4666666666666667,
        0.7058823529411765
      ]
    },
    {
      "cluster_id": 5,
      "label": "handlebar_0",
      "parameters": {
        "center": [
          0.1013743844098048,
          -0.09232715098535556,
          0.8309507283772838
        ],
        "extent": [
          0.14178695197543043,
          0.05619714617982388,
          0.04404605854250996
        ],
        "rotation": [
          [
            0.9444798005023057,
            -0.3111866959036631,
            -0.10545495121465881
          ],
          [
            -0.08608422049133192,
            0.07538085983252629,
            -0.9934320474764788
          ],
          [
            0.3170921213551745,
            0.9473545092854471,
            0.04440743531217672
          ]
        ]
      },
      "point_count": 1367,
      "color_rgb": [
        0.6823529411764706,
        0.7803921568627451,
        0.9098039215686274
      ]
    },
    {
      "cluster_id": 6,
      "label": "fender_0",
      "parameters": {
        "center": [
          0.02951799229353483,
          0.07178578054588287,
          0.9960745419346835
        ],
        "extent": [
          0.15465671559512967,
          0.12045824250624007,
          0.0736695544206033
        ],
        "rotation": [
          [
            0.054793109125906514,
            -0.18779805303598487,
            0.9806781360202795
          ],
          [
            0.9666289950430468,
            0.25613237121850085,
            -0.004959269710111923
          ],
          [
            -0.25025207518497444,
            0.948223654888382,
            0.19556533224406739
          ]
        ]
      },
      "point_count": 446,
      "color_rgb": [
        0.12156862745098039,
        0.4666666666666667,
        0.7058823529411765
      ]
    },
    {
      "cluster_id": 7,
      "label": "seat_0",
      "parameters": {
        "center": [
          -0.016803575350141504,
          -0.10573051277200579,
          1.146888854477667
        ],
        "extent": [
          0.11668162225888086,
          0.11153024320689268,
          0.07577285766904306
        ],
        "rotation": [
          [
            0.9790493827678175,
            -0.19833625719532638,
            -0.046098103905747985
          ],
          [
            -0.10956442732859578,
            -0.32230155289627005,
            -0.9402751433834726
          ],
          [
            0.17163316219808056,
            0.9256265111168772,
            -0.3372797348663053
          ]
        ]
      },
      "point_count": 2987,
      "color_rgb": [
        1.0,
        0.7333333333333333,
        0.47058823529411764
      ]
    },
    {
      "cluster_id": 8,
      "label": "wheel_1",
      "parameters": {
        "center": [
          0.017854899889215087,
          0.08400005198823447,
          1.1385312757349964
        ],
        "extent": [
          0.14525378177647089,
          0.12015867108001492,
          0.07083694484050945
        ],
        "rotation": [
          [
            0.28159690642276364,
            -0.35805101405717504,
            -0.890226181161708
          ],
          [
            -0.6858951298718239,
            0.5736836196642671,
            -0.4476996485893401
          ],
          [
            0.6710074910992003,
            0.7366726381925239,
            -0.08403791422461337
          ]
        ]
      },
      "point_count": 2693,
      "color_rgb": [
        0.8392156862745098,
        0.15294117647058825,
        0.1568627450980392
      ]
    },
    {
      "cluster_id": 9,
      "label": "fender_0",
      "parameters": {
        "center": [
          -0.032797869620612215,
          0.06000209927551535,
          0.9961670683709959
        ],
        "extent": [
          0.1554327633766001,
          0.13542129573650627,
          0.04246718332840347
        ],
        "rotation": [
          [
            -0.3803482280503078,
            -0.12971890941696557,
            -0.9157009500697617
          ],
          [
            -0.6597753766523106,
            -0.6557805299667024,
            0.3669446128230973
          ],
          [
            -0.648098509319604,
            0.7437236725130268,
            0.16383962024322163
          ]
        ]
      },
      "point_count": 440,
      "color_rgb": [
        0.12156862745098039,
        0.4666666666666667,
        0.7058823529411765
      ]
    },
    {
      "cluster_id": 10,
      "label": "wheel_0",
      "parameters": {
        "center": [
          -0.027383634723507286,
          0.08922866313901198,
          1.0129216454702181
        ],
        "extent": [
          0.13671957664638607,
          0.07461597273836021,
          0.042253866590970815
        ],
        "rotation": [
          [
            -0.0034705839313635767,
            -0.6763794069897912,
            -0.7365452143944144
          ],
          [
            0.29913063739496104,
            -0.7035264198686048,
            0.644648305914588
          ],
          [
            -0.9542058566257388,
            -0.2180859334001214,
            0.20476745062176774
          ]
        ]
      },
      "point_count": 472,
      "color_rgb": [
        0.596078431372549,
        0.8745098039215686,
        0.5411764705882353
      ]
    },
    {
      "cluster_id": 11,
      "label": "fender_0",
      "parameters": {
        "center": [
          0.0011558907432534437,
          0.034507746949019154,
          1.2171202146869666
        ],
        "extent": [
          0.09747167689225528,
          0.0899215916023498,
          0.07960783163625991
        ],
        "rotation": [
          [
            0.399067294052061,
            -0.9076138842657209,
            -0.13031627644333804
          ],
          [
            0.9028514638050351,
            0.3641524559768014,
            0.22858745177977108
          ],
          [
            -0.1600141528836479,
            -0.20887801678049853,
            0.9647618592081543
          ]
        ]
      },
      "point_count": 684,
      "color_rgb": [
        0.12156862745098039,
        0.4666666666666667,
        0.7058823529411765
      ]
    },
    {
      "cluster_id": 12,
      "label": "wheel_0",
      "parameters": {
        "center": [
          -0.01380261405141293,
          0.0558714552174981,
          1.2264479147337382
        ],
        "extent": [
          0.11593276166141903,
          0.08807393690578333,
          0.05212591084109028
        ],
        "rotation": [
          [
            -0.004945253104955408,
            0.9429725437866223,
            0.3328337815431523
          ],
          [
            0.972576657273467,
            0.08193119156285719,
            -0.2176738973231736
          ],
          [
            -0.23252997698898317,
            0.32262991416432124,
            -0.9175182550161199
          ]
        ]
      },
      "point_count": 1209,
      "color_rgb": [
        0.596078431372549,
        0.8745098039215686,
        0.5411764705882353
      ]
    },
    {
      "cluster_id": 13,
      "label": "wheel_1",
      "parameters": {
        "center": [
          -0.008108057695474038,
          0.06023531971696792,
          1.2216929506358547
        ],
        "extent": [
          0.1360875293888042,
          0.11270528413699024,
          0.08638481053413946
        ],
        "rotation": [
          [
            0.2700438410762482,
            -0.956041131994853,
            -0.11428769763533614
          ],
          [
            0.9612083603037156,
            0.27460235666903327,
            -0.025923614602443915
          ],
          [
            0.05616771295885996,
            -0.10285377798512396,
            0.9931094040311763
          ]
        ]
      },
      "point_count": 4134,
      "color_rgb": [
        0.8392156862745098,
        0.15294117647058825,
        0.1568627450980392
      ]
    },
    {
      "cluster_id": 14,
      "label": "fender_0",
      "parameters": {
        "center": [
          -0.04221469890977471,
          -0.03976828935839818,
          0.8787778199373556
        ],
        "extent": [
          0.19640772944596235,
          0.16817550231797534,
          0.12332945302787472
        ],
        "rotation": [
          [
            0.7840198268649328,
            0.11361313542026,
            0.6102499213786583
          ],
          [
            0.6151462695115619,
            -0.2738412957972974,
            -0.7393280813157754
          ],
          [
            0.08311424780800046,
            0.9550408369153828,
            -0.28458570174075076
          ]
        ]
      },
      "point_count": 3306,
      "color_rgb": [
        0.12156862745098039,
        0.4666666666666667,
        0.7058823529411765
      ]
    },
    {
      "cluster_id": 15,
      "label": "wheel_0",
      "parameters": {
        "center": [
          0.01731282125591307,
          0.15770975295137873,
          0.8616477723915575
        ],
        "extent": [
          0.14979299553656297,
          0.12248055536308422,
          0.11556858006362966
        ],
        "rotation": [
          [
            0.24002937725412174,
            -0.8044249966928584,
            -0.5434025420907538
          ],
          [
            0.3679019488212255,
            -0.4426313014130951,
            0.8177564961911916
          ],
          [
            -0.8983507411409771,
            -0.3962044367558808,
            0.1897050083324438
          ]
        ]
      },
      "point_count": 7111,
      "color_rgb": [
        0.596078431372549,
        0.8745098039215686,
        0.5411764705882353
      ]
    },
    {
      "cluster_id": 16,
      "label": "wheel_1",
      "parameters": {
        "center": [
          -0.03857046315329953,
          0.07757080465055793,
          1.1601985737357976
        ],
        "extent": [
          0.14393725751123723,
          0.08360426730797169,
          0.04507856817739182
        ],
        "rotation": [
          [
            0.29351064904692176,
            0.1848967439125771,
            0.9379044156984131
          ],
          [
            0.4579506570450744,
            0.834016820867951,
            -0.3077290012678374
          ],
          [
            -0.8391261494006962,
            0.5198356823072489,
            0.16011923304874304
          ]
        ]
      },
      "point_count": 1995,
      "color_rgb": [
        0.8392156862745098,
        0.15294117647058825,
        0.1568627450980392
      ]
    },
    {
      "cluster_id": 17,
      "label": "fender_0",
      "parameters": {
        "center": [
          -0.02696102107592121,
          -0.07274728332771246,
          0.8209241849797427
        ],
        "extent": [
          0.17269055660239924,
          0.09798493648980239,
          0.0662158337631481
        ],
        "rotation": [
          [
            0.773131316408963,
            -0.6341417718569925,
            0.01149698977203839
          ],
          [
            0.49296492455227664,
            0.6122196808956373,
            0.618201136755031
          ],
          [
            -0.3990658476353398,
            -0.47228304596938314,
            0.7859358585412486
          ]
        ]
      },
      "point_count": 1613,
      "color_rgb": [
        0.12156862745098039,
        0.4666666666666667,
        0.7058823529411765
      ]
    },
    {
      "cluster_id": 18,
      "label": "handlebar_0",
      "parameters": {
        "center": [
          -0.04604548609855772,
          -0.09249748007482982,
          0.8144446631135712
        ],
        "extent": [
          0.17041973303758617,
          0.07001556450597868,
          0.05954750141090565
        ],
        "rotation": [
          [
            0.980189479965462,
            -0.19782021692441762,
            -0.009784944609640814
          ],
          [
            0.13159119540056397,
            0.6135132526332218,
            0.7786432084956854
          ],
          [
            -0.14802817521704437,
            -0.7645054941721353,
            0.6273906348699598
          ]
        ]
      },
      "point_count": 2463,
      "color_rgb": [
        0.6823529411764706,
        0.7803921568627451,
        0.9098039215686274
      ]
    },
    {
      "cluster_id": 19,
      "label": "headlight_0",
      "parameters": {
        "center": [
          0.011565294136980521,
          -0.08022215810602837,
          0.8119288176174575
        ],
        "extent": [
          0.08803868163763792,
          0.06178304213576037,
          0.07836972606880732
        ],
        "rotation": [
          [
            -0.8863610933195836,
            0.36995279340134135,
            0.27838631953430576
          ],
          [
            -0.2858241146504203,
            -0.9102446035950508,
            0.29959862668308795
          ],
          [
            0.3642369939114034,
            0.18598304299218577,
            0.9125468316671483
          ]
        ]
      },
      "point_count": 852,
      "color_rgb": [
        1.0,
        0.4980392156862745,
        0.054901960784313725
      ]
    },
    {
      "cluster_id": 20,
      "label": "fender_0",
      "parameters": {
        "center": [
          0.01868979436227557,
          0.07678260881639914,
          0.9109241332616548
        ],
        "extent": [
          0.12879107048588634,
          0.1391360693980181,
          0.12379613081384298
        ],
        "rotation": [
          [
            0.9862455723141075,
            -0.13561255655741586,
            0.0944928864771333
          ],
          [
            -0.1645511658574816,
            -0.8594543849798537,
            0.48400524165947323
          ],
          [
            0.015575137423544674,
            -0.49289694119852595,
            -0.8699482860787615
          ]
        ]
      },
      "point_count": 5871,
      "color_rgb": [
        0.12156862745098039,
        0.4666666666666667,
        0.7058823529411765
      ]
    },
    {
      "cluster_id": 21,
      "label": "wheel_0",
      "parameters": {
        "center": [
          0.011910244156392422,
          0.11957223745024954,
          0.9165661428598159
        ],
        "extent": [
          0.10642637999327534,
          0.09328474349130592,
          0.10724340066091792
        ],
        "rotation": [
          [
            0.9989996230561776,
            -0.030075013954051613,
            0.03309451116542676
          ],
          [
            0.019184195194087532,
            -0.3802720276256852,
            -0.924675700805534
          ],
          [
            0.0403945514688566,
            0.9243855681159858,
            -0.3793146473187084
          ]
        ]
      },
      "point_count": 750,
      "color_rgb": [
        0.596078431372549,
        0.8745098039215686,
        0.5411764705882353
      ]
    }
  ]
}